sample,result
"[[5, 6, 6, 6, 6, 4], [3, 2, 3, 3, 2, 3], [3, 4, 4, 3, 4, 4], [1, 2, 2, 2, 2, 2], [1, 0, 1, 1, 1, 1]]",98753.0
"[[5, 6, 4, 6, 6, 6], [3, 2, 3, 3, 3, 2], [3, 4, 3, 4, 4, 4], [2, 2, 2, 2, 1, 2], [0, 1, 1, 1, 1, 1]]",99555.5
"[[6, 5, 6, 4, 6, 6], [3, 3, 2, 3, 2, 3], [4, 4, 4, 4, 2, 4], [2, 2, 2, 1, 2, 2], [0, 1, 1, 1, 1, 1]]",102692.5
"[[5, 6, 6, 5, 6, 5], [3, 3, 3, 2, 3, 2], [4, 4, 3, 3, 4, 4], [1, 2, 2, 2, 2, 2], [1, 1, 1, 1, 0, 1]]",94981.5
"[[6, 6, 4, 6, 5, 6], [3, 3, 2, 3, 2, 3], [3, 4, 4, 3, 4, 4], [2, 2, 2, 2, 2, 1], [1, 1, 1, 0, 1, 1]]",100452.5
"[[6, 5, 6, 5, 5, 6], [3, 3, 3, 2, 2, 3], [3, 4, 4, 3, 4, 4], [2, 1, 2, 2, 2, 2], [1, 1, 1, 0, 1, 1]]",102743.5
"[[5, 6, 6, 6, 6, 4], [3, 1, 3, 3, 3, 3], [4, 4, 4, 4, 3, 3], [1, 2, 2, 2, 2, 2], [1, 1, 0, 1, 1, 1]]",96755.0
"[[6, 6, 6, 5, 5, 5], [3, 2, 3, 3, 2, 3], [3, 4, 4, 4, 3, 4], [2, 2, 2, 1, 2, 2], [1, 1, 1, 1, 1, 0]]",99098.5
"[[5, 5, 6, 6, 5, 6], [3, 3, 3, 2, 2, 3], [4, 4, 3, 4, 4, 3], [2, 1, 2, 2, 2, 2], [1, 1, 1, 0, 1, 1]]",100456.5
"[[6, 5, 6, 6, 5, 5], [3, 3, 3, 2, 3, 2], [4, 4, 4, 3, 4, 3], [2, 2, 2, 1, 2, 2], [1, 1, 1, 1, 1, 0]]",96091.0
"[[6, 4, 6, 6, 6, 5], [3, 1, 3, 3, 3, 3], [4, 4, 3, 4, 3, 4], [1, 2, 2, 2, 2, 2], [1, 1, 1, 1, 1, 0]]",94419.5
"[[6, 5, 5, 6, 6, 5], [3, 3, 2, 2, 3, 3], [3, 4, 4, 4, 3, 4], [2, 2, 2, 2, 1, 2], [0, 1, 1, 1, 1, 1]]",99474.0
"[[6, 5, 5, 6, 6, 5], [3, 2, 2, 3, 3, 3], [4, 4, 4, 4, 2, 4], [2, 2, 2, 1, 2, 2], [1, 0, 1, 1, 1, 1]]",103363.5
"[[5, 5, 6, 6, 5, 6], [3, 1, 3, 3, 3, 3], [3, 4, 3, 4, 4, 4], [2, 2, 2, 2, 2, 1], [1, 1, 0, 1, 1, 1]]",98220.5
"[[4, 5, 6, 6, 6, 6], [3, 2, 3, 3, 2, 3], [3, 4, 3, 4, 4, 4], [2, 2, 2, 2, 1, 2], [1, 1, 1, 0, 1, 1]]",97614.5
"[[6, 5, 6, 6, 5, 5], [3, 3, 3, 2, 3, 2], [4, 4, 3, 3, 4, 4], [1, 2, 2, 2, 2, 2], [1, 1, 1, 1, 0, 1]]",94981.0
"[[6, 5, 6, 5, 6, 5], [2, 3, 3, 3, 3, 2], [4, 4, 2, 4, 4, 4], [2, 2, 1, 2, 2, 2], [1, 0, 1, 1, 1, 1]]",102937.0
"[[6, 6, 5, 6, 4, 6], [3, 3, 2, 3, 2, 3], [3, 4, 4, 4, 3, 4], [1, 2, 2, 2, 2, 2], [1, 1, 0, 1, 1, 1]]",102781.5
"[[4, 5, 6, 6, 6, 6], [2, 3, 3, 3, 2, 3], [4, 3, 4, 3, 4, 4], [2, 2, 2, 1, 2, 2], [1, 1, 1, 0, 1, 1]]",97640.5
"[[6, 6, 4, 6, 5, 6], [3, 3, 2, 2, 3, 3], [4, 4, 3, 4, 3, 4], [2, 1, 2, 2, 2, 2], [1, 1, 1, 1, 0, 1]]",95323.5
"[[6, 6, 5, 5, 6, 5], [3, 3, 3, 1, 3, 3], [4, 4, 4, 3, 4, 3], [1, 2, 2, 2, 2, 2], [1, 1, 1, 0, 1, 1]]",101398.0
"[[6, 4, 6, 5, 6, 6], [3, 3, 2, 3, 2, 3], [2, 4, 4, 4, 4, 4], [2, 2, 1, 2, 2, 2], [1, 1, 1, 0, 1, 1]]",99972.0
"[[6, 5, 6, 5, 6, 5], [3, 3, 3, 3, 1, 3], [4, 4, 4, 2, 4, 4], [2, 2, 2, 2, 2, 1], [1, 1, 1, 0, 1, 1]]",101184.0
"[[4, 6, 6, 6, 5, 6], [3, 3, 3, 2, 2, 3], [4, 4, 3, 3, 4, 4], [2, 2, 2, 2, 2, 1], [1, 0, 1, 1, 1, 1]]",98831.0
"[[6, 4, 6, 5, 6, 6], [3, 3, 3, 3, 2, 2], [4, 4, 4, 4, 2, 4], [1, 2, 2, 2, 2, 2], [1, 1, 0, 1, 1, 1]]",98038.5
"[[4, 6, 6, 5, 6, 6], [3, 3, 2, 2, 3, 3], [4, 4, 4, 4, 3, 3], [2, 1, 2, 2, 2, 2], [1, 1, 0, 1, 1, 1]]",97154.5
"[[6, 4, 6, 5, 6, 6], [3, 3, 3, 3, 3, 1], [4, 3, 4, 4, 4, 3], [2, 2, 2, 1, 2, 2], [1, 1, 1, 1, 1, 0]]",94457.5
"[[6, 5, 6, 6, 6, 4], [1, 3, 3, 3, 3, 3], [4, 4, 4, 4, 2, 4], [2, 1, 2, 2, 2, 2], [1, 1, 1, 1, 0, 1]]",92787.0
"[[6, 5, 5, 6, 5, 6], [3, 2, 2, 3, 3, 3], [4, 4, 2, 4, 4, 4], [2, 2, 2, 2, 2, 1], [0, 1, 1, 1, 1, 1]]",101651.0
"[[6, 5, 6, 5, 5, 6], [2, 2, 3, 3, 3, 3], [4, 4, 4, 4, 3, 3], [2, 2, 2, 2, 2, 1], [0, 1, 1, 1, 1, 1]]",103108.5
"[[6, 5, 5, 6, 5, 6], [3, 3, 3, 2, 3, 2], [4, 4, 4, 4, 4, 2], [2, 2, 1, 2, 2, 2], [1, 0, 1, 1, 1, 1]]",103157.0
"[[5, 6, 6, 6, 5, 5], [3, 3, 2, 3, 2, 3], [3, 3, 4, 4, 4, 4], [2, 2, 2, 2, 2, 1], [1, 1, 1, 1, 1, 0]]",96837.0
"[[5, 5, 6, 6, 6, 5], [2, 3, 3, 3, 2, 3], [4, 4, 3, 3, 4, 4], [2, 2, 2, 2, 2, 1], [1, 0, 1, 1, 1, 1]]",101283.0
"[[6, 6, 6, 5, 6, 4], [3, 3, 2, 3, 2, 3], [3, 4, 4, 4, 3, 4], [2, 2, 2, 1, 2, 2], [1, 0, 1, 1, 1, 1]]",101216.0
"[[5, 6, 5, 5, 6, 6], [3, 3, 3, 1, 3, 3], [4, 4, 4, 3, 4, 3], [1, 2, 2, 2, 2, 2], [1, 1, 1, 0, 1, 1]]",100303.0
"[[6, 5, 5, 6, 5, 6], [2, 3, 2, 3, 3, 3], [4, 4, 3, 4, 4, 3], [2, 2, 2, 1, 2, 2], [0, 1, 1, 1, 1, 1]]",101822.0
"[[6, 5, 6, 4, 6, 6], [3, 3, 3, 3, 2, 2], [4, 4, 4, 3, 4, 3], [2, 2, 1, 2, 2, 2], [0, 1, 1, 1, 1, 1]]",102554.5
"[[6, 6, 5, 6, 5, 5], [3, 3, 2, 3, 3, 2], [4, 4, 4, 3, 3, 4], [1, 2, 2, 2, 2, 2], [1, 1, 1, 0, 1, 1]]",101458.0
"[[6, 6, 3, 6, 6, 6], [2, 3, 3, 2, 3, 3], [4, 3, 4, 4, 3, 4], [2, 2, 2, 1, 2, 2], [0, 1, 1, 1, 1, 1]]",98282.0
"[[5, 6, 6, 5, 5, 6], [3, 2, 3, 2, 3, 3], [4, 4, 3, 3, 4, 4], [2, 2, 1, 2, 2, 2], [1, 0, 1, 1, 1, 1]]",101739.0
"[[6, 4, 5, 6, 6, 6], [3, 2, 3, 2, 3, 3], [4, 4, 4, 4, 3, 3], [2, 2, 1, 2, 2, 2], [1, 1, 1, 1, 0, 1]]",92968.5
"[[6, 6, 6, 5, 5, 5], [3, 1, 3, 3, 3, 3], [4, 4, 3, 4, 3, 4], [2, 2, 1, 2, 2, 2], [1, 1, 0, 1, 1, 1]]",101468.5
"[[4, 6, 6, 6, 6, 5], [3, 3, 3, 3, 2, 2], [4, 4, 4, 3, 4, 3], [2, 2, 2, 2, 1, 2], [1, 0, 1, 1, 1, 1]]",98331.5
"[[6, 5, 6, 5, 6, 5], [3, 3, 2, 3, 3, 2], [4, 4, 4, 3, 4, 3], [2, 1, 2, 2, 2, 2], [1, 1, 1, 0, 1, 1]]",101557.5
"[[6, 5, 6, 6, 5, 5], [2, 3, 3, 2, 3, 3], [4, 3, 4, 3, 4, 4], [2, 2, 2, 2, 1, 2], [1, 1, 1, 1, 1, 0]]",96091.0
"[[5, 6, 6, 5, 5, 6], [2, 3, 3, 3, 3, 2], [4, 4, 3, 4, 4, 3], [2, 2, 1, 2, 2, 2], [0, 1, 1, 1, 1, 1]]",103080.0
"[[6, 5, 6, 6, 6, 4], [2, 2, 3, 3, 3, 3], [3, 4, 4, 4, 3, 4], [2, 2, 2, 2, 1, 2], [1, 1, 1, 0, 1, 1]]",99071.0
"[[6, 5, 5, 5, 6, 6], [2, 3, 3, 3, 2, 3], [4, 4, 2, 4, 4, 4], [2, 1, 2, 2, 2, 2], [1, 1, 1, 1, 1, 0]]",95379.0
"[[5, 6, 5, 6, 6, 5], [2, 3, 3, 3, 2, 3], [4, 3, 4, 4, 3, 4], [2, 2, 2, 1, 2, 2], [1, 0, 1, 1, 1, 1]]",101208.0
"[[5, 5, 5, 6, 6, 6], [3, 3, 3, 2, 3, 2], [4, 4, 3, 4, 4, 3], [2, 2, 1, 2, 2, 2], [1, 1, 1, 1, 1, 0]]",92083.5
"[[6, 4, 6, 5, 6, 6], [3, 3, 2, 3, 3, 2], [4, 4, 2, 4, 4, 4], [2, 2, 2, 2, 2, 1], [1, 1, 1, 1, 1, 0]]",93771.0
"[[5, 5, 5, 6, 6, 6], [3, 3, 3, 2, 3, 2], [4, 4, 4, 4, 4, 2], [1, 2, 2, 2, 2, 2], [1, 1, 1, 0, 1, 1]]",98077.5
"[[5, 6, 5, 6, 5, 6], [3, 2, 3, 3, 3, 2], [4, 4, 4, 2, 4, 4], [2, 2, 2, 2, 1, 2], [1, 1, 1, 1, 0, 1]]",96401.5
"[[5, 4, 6, 6, 6, 6], [3, 3, 2, 3, 2, 3], [4, 4, 3, 4, 4, 3], [2, 2, 2, 2, 1, 2], [1, 1, 1, 1, 1, 0]]",91964.0
"[[4, 6, 5, 6, 6, 6], [2, 3, 3, 3, 3, 2], [4, 4, 4, 4, 3, 3], [2, 2, 2, 1, 2, 2], [1, 0, 1, 1, 1, 1]]",99330.5
"[[5, 6, 6, 5, 6, 5], [2, 3, 3, 3, 2, 3], [4, 3, 4, 4, 3, 4], [2, 2, 1, 2, 2, 2], [1, 1, 1, 1, 1, 0]]",96837.0
"[[5, 4, 6, 6, 6, 6], [3, 3, 3, 3, 3, 1], [4, 3, 4, 4, 3, 4], [2, 1, 2, 2, 2, 2], [1, 1, 1, 1, 1, 0]]",91940.5
"[[6, 5, 4, 6, 6, 6], [3, 3, 2, 3, 2, 3], [3, 4, 4, 4, 3, 4], [2, 2, 2, 1, 2, 2], [1, 1, 1, 1, 1, 0]]",93288.5
"[[5, 6, 6, 5, 6, 5], [3, 3, 2, 3, 2, 3], [4, 3, 4, 3, 4, 4], [2, 2, 2, 2, 1, 2], [1, 1, 0, 1, 1, 1]]",99437.0
"[[6, 6, 6, 5, 6, 4], [3, 3, 3, 3, 1, 3], [4, 4, 4, 4, 3, 3], [2, 2, 1, 2, 2, 2], [1, 1, 1, 0, 1, 1]]",100825.0
"[[5, 6, 4, 6, 6, 6], [2, 3, 2, 3, 3, 3], [4, 4, 4, 4, 2, 4], [2, 2, 1, 2, 2, 2], [1, 1, 1, 0, 1, 1]]",98215.5
"[[5, 5, 6, 5, 6, 6], [2, 3, 3, 3, 3, 2], [4, 3, 3, 4, 4, 4], [2, 2, 1, 2, 2, 2], [1, 0, 1, 1, 1, 1]]",102313.5
"[[5, 6, 5, 5, 6, 6], [2, 3, 3, 2, 3, 3], [2, 4, 4, 4, 4, 4], [1, 2, 2, 2, 2, 2], [0, 1, 1, 1, 1, 1]]",100752.0
"[[5, 6, 6, 5, 6, 5], [3, 1, 3, 3, 3, 3], [4, 4, 4, 4, 3, 3], [2, 2, 1, 2, 2, 2], [1, 1, 1, 1, 0, 1]]",96418.5
"[[6, 6, 3, 6, 6, 6], [2, 3, 3, 3, 2, 3], [3, 3, 4, 4, 4, 4], [2, 1, 2, 2, 2, 2], [1, 1, 0, 1, 1, 1]]",102878.5
"[[4, 6, 6, 6, 6, 5], [3, 1, 3, 3, 3, 3], [4, 4, 2, 4, 4, 4], [2, 1, 2, 2, 2, 2], [0, 1, 1, 1, 1, 1]]",98201.0
"[[6, 5, 5, 5, 6, 6], [3, 3, 3, 2, 2, 3], [4, 3, 4, 3, 4, 4], [2, 2, 1, 2, 2, 2], [1, 1, 0, 1, 1, 1]]",99970.0
"[[6, 5, 6, 5, 6, 5], [3, 3, 2, 2, 3, 3], [4, 3, 3, 4, 4, 4], [2, 1, 2, 2, 2, 2], [1, 1, 0, 1, 1, 1]]",98801.5
"[[5, 6, 6, 6, 5, 5], [3, 3, 2, 3, 2, 3], [4, 2, 4, 4, 4, 4], [2, 2, 2, 1, 2, 2], [0, 1, 1, 1, 1, 1]]",101670.0
"[[6, 6, 6, 5, 5, 5], [3, 3, 3, 2, 2, 3], [4, 3, 4, 4, 3, 4], [2, 2, 2, 1, 2, 2], [1, 1, 1, 0, 1, 1]]",103765.0
"[[4, 6, 6, 6, 5, 6], [3, 3, 3, 1, 3, 3], [4, 4, 4, 4, 4, 2], [2, 2, 1, 2, 2, 2], [1, 1, 1, 1, 1, 0]]",90583.0
"[[6, 6, 5, 5, 5, 6], [3, 3, 3, 3, 2, 2], [2, 4, 4, 4, 4, 4], [2, 2, 2, 1, 2, 2], [1, 1, 1, 0, 1, 1]]",102324.5
"[[6, 5, 5, 5, 6, 6], [2, 3, 3, 2, 3, 3], [4, 4, 4, 3, 3, 4], [2, 2, 2, 2, 2, 1], [1, 1, 0, 1, 1, 1]]",99985.0
"[[6, 6, 6, 4, 6, 5], [3, 3, 2, 3, 3, 2], [4, 3, 3, 4, 4, 4], [1, 2, 2, 2, 2, 2], [1, 1, 1, 1, 0, 1]]",97114.5
"[[6, 5, 6, 5, 5, 6], [3, 3, 1, 3, 3, 3], [4, 2, 4, 4, 4, 4], [2, 2, 1, 2, 2, 2], [1, 0, 1, 1, 1, 1]]",104983.0
"[[5, 5, 6, 5, 6, 6], [3, 3, 3, 2, 2, 3], [4, 3, 4, 4, 4, 3], [2, 2, 2, 2, 2, 1], [0, 1, 1, 1, 1, 1]]",100234.5
"[[6, 5, 6, 6, 6, 4], [3, 2, 3, 3, 3, 2], [3, 4, 4, 4, 3, 4], [2, 2, 1, 2, 2, 2], [1, 1, 1, 1, 0, 1]]",93991.0
"[[6, 6, 5, 6, 4, 6], [3, 3, 3, 3, 2, 2], [4, 4, 4, 3, 3, 4], [2, 2, 1, 2, 2, 2], [1, 1, 1, 0, 1, 1]]",101905.5
"[[5, 5, 6, 5, 6, 6], [3, 3, 3, 3, 2, 2], [4, 3, 4, 4, 4, 3], [2, 1, 2, 2, 2, 2], [0, 1, 1, 1, 1, 1]]",100842.0
"[[6, 6, 5, 5, 5, 6], [2, 3, 2, 3, 3, 3], [4, 4, 3, 4, 4, 3], [2, 2, 1, 2, 2, 2], [1, 0, 1, 1, 1, 1]]",104908.0
"[[6, 6, 6, 6, 4, 5], [3, 3, 3, 3, 2, 2], [4, 4, 3, 4, 3, 4], [2, 2, 1, 2, 2, 2], [0, 1, 1, 1, 1, 1]]",103482.5
"[[6, 5, 6, 6, 6, 4], [3, 2, 3, 3, 2, 3], [4, 4, 2, 4, 4, 4], [1, 2, 2, 2, 2, 2], [1, 1, 1, 0, 1, 1]]",98005.5
"[[4, 6, 6, 6, 5, 6], [3, 2, 3, 3, 3, 2], [3, 4, 4, 4, 4, 3], [2, 2, 2, 2, 2, 1], [1, 1, 1, 1, 0, 1]]",94820.5
"[[6, 5, 6, 4, 6, 6], [2, 3, 3, 3, 3, 2], [4, 4, 4, 3, 4, 3], [2, 2, 2, 2, 1, 2], [1, 0, 1, 1, 1, 1]]",104769.5
"[[6, 6, 6, 6, 6, 3], [2, 3, 2, 3, 3, 3], [3, 4, 4, 3, 4, 4], [2, 2, 2, 1, 2, 2], [1, 1, 1, 0, 1, 1]]",98402.0
"[[5, 5, 5, 6, 6, 6], [3, 3, 3, 2, 2, 3], [4, 3, 3, 4, 4, 4], [1, 2, 2, 2, 2, 2], [1, 1, 1, 0, 1, 1]]",98218.5
"[[5, 4, 6, 6, 6, 6], [3, 2, 3, 3, 3, 2], [4, 4, 4, 4, 2, 4], [2, 1, 2, 2, 2, 2], [1, 1, 1, 1, 0, 1]]",92815.5
"[[5, 6, 6, 6, 5, 5], [1, 3, 3, 3, 3, 3], [4, 4, 3, 3, 4, 4], [1, 2, 2, 2, 2, 2], [1, 1, 1, 0, 1, 1]]",100512.0
"[[5, 5, 5, 6, 6, 6], [3, 3, 3, 3, 2, 2], [3, 4, 4, 3, 4, 4], [1, 2, 2, 2, 2, 2], [0, 1, 1, 1, 1, 1]]",99555.5
"[[6, 4, 6, 6, 5, 6], [3, 3, 2, 3, 2, 3], [4, 3, 3, 4, 4, 4], [2, 2, 2, 2, 2, 1], [1, 1, 1, 1, 1, 0]]",94481.0
"[[5, 5, 6, 5, 6, 6], [3, 2, 3, 2, 3, 3], [2, 4, 4, 4, 4, 4], [2, 1, 2, 2, 2, 2], [1, 1, 1, 0, 1, 1]]",100222.5
"[[4, 6, 6, 6, 6, 5], [3, 2, 3, 2, 3, 3], [4, 3, 4, 4, 3, 4], [2, 2, 2, 2, 1, 2], [1, 0, 1, 1, 1, 1]]",97692.5
"[[5, 5, 6, 6, 6, 5], [2, 3, 3, 3, 3, 2], [3, 4, 3, 4, 4, 4], [2, 2, 2, 1, 2, 2], [1, 1, 0, 1, 1, 1]]",97124.5
"[[6, 6, 6, 4, 5, 6], [3, 1, 3, 3, 3, 3], [4, 3, 4, 4, 3, 4], [2, 2, 1, 2, 2, 2], [0, 1, 1, 1, 1, 1]]",103687.0
"[[6, 5, 6, 5, 6, 5], [2, 2, 3, 3, 3, 3], [3, 4, 4, 4, 4, 3], [2, 2, 2, 2, 1, 2], [1, 0, 1, 1, 1, 1]]",103746.0
"[[5, 6, 5, 5, 6, 6], [3, 3, 2, 2, 3, 3], [4, 3, 4, 4, 4, 3], [1, 2, 2, 2, 2, 2], [1, 1, 1, 0, 1, 1]]",100508.5
"[[4, 6, 6, 5, 6, 6], [3, 3, 3, 1, 3, 3], [4, 2, 4, 4, 4, 4], [1, 2, 2, 2, 2, 2], [1, 0, 1, 1, 1, 1]]",96221.5
"[[6, 5, 6, 5, 5, 6], [2, 3, 3, 3, 2, 3], [4, 4, 3, 4, 3, 4], [2, 2, 2, 2, 2, 1], [1, 1, 1, 1, 0, 1]]",98642.0
"[[6, 6, 5, 6, 4, 6], [3, 3, 2, 3, 2, 3], [4, 4, 4, 3, 3, 4], [2, 1, 2, 2, 2, 2], [1, 1, 1, 1, 1, 0]]",97696.0
"[[5, 5, 6, 5, 6, 6], [3, 2, 3, 3, 2, 3], [4, 2, 4, 4, 4, 4], [2, 2, 2, 2, 1, 2], [1, 0, 1, 1, 1, 1]]",102451.5
"[[5, 6, 6, 5, 5, 6], [3, 3, 1, 3, 3, 3], [4, 4, 2, 4, 4, 4], [1, 2, 2, 2, 2, 2], [1, 1, 1, 0, 1, 1]]",101666.5
"[[5, 6, 4, 6, 6, 6], [3, 3, 3, 3, 1, 3], [4, 4, 4, 4, 3, 3], [2, 2, 2, 2, 2, 1], [1, 1, 1, 1, 1, 0]]",93160.5
"[[4, 6, 6, 5, 6, 6], [3, 2, 2, 3, 3, 3], [4, 3, 4, 3, 4, 4], [2, 2, 2, 1, 2, 2], [1, 0, 1, 1, 1, 1]]",99543.5
"[[6, 5, 6, 6, 6, 4], [3, 3, 3, 3, 2, 2], [4, 3, 3, 4, 4, 4], [2, 2, 2, 1, 2, 2], [1, 1, 1, 1, 1, 0]]",96836.5
"[[4, 6, 6, 6, 5, 6], [3, 2, 3, 3, 3, 2], [4, 4, 4, 4, 3, 3], [2, 1, 2, 2, 2, 2], [1, 0, 1, 1, 1, 1]]",99379.5
"[[6, 4, 6, 6, 5, 6], [3, 3, 3, 2, 2, 3], [3, 3, 4, 4, 4, 4], [2, 2, 2, 2, 1, 2], [0, 1, 1, 1, 1, 1]]",100006.5
"[[6, 6, 6, 5, 4, 6], [3, 1, 3, 3, 3, 3], [3, 4, 4, 4, 4, 3], [2, 2, 2, 2, 1, 2], [1, 1, 0, 1, 1, 1]]",102484.5
"[[5, 6, 6, 5, 6, 5], [3, 3, 3, 2, 2, 3], [4, 4, 4, 4, 4, 2], [2, 2, 2, 1, 2, 2], [1, 1, 0, 1, 1, 1]]",98854.0
"[[6, 4, 5, 6, 6, 6], [3, 2, 3, 3, 3, 2], [4, 3, 3, 4, 4, 4], [1, 2, 2, 2, 2, 2], [1, 1, 1, 1, 1, 0]]",93196.5
"[[5, 5, 5, 6, 6, 6], [1, 3, 3, 3, 3, 3], [2, 4, 4, 4, 4, 4], [2, 2, 2, 2, 1, 2], [1, 0, 1, 1, 1, 1]]",99679.5
"[[6, 5, 5, 6, 6, 5], [2, 3, 3, 3, 2, 3], [4, 4, 3, 4, 3, 4], [2, 2, 2, 2, 1, 2], [1, 1, 1, 1, 1, 0]]",95549.5
"[[6, 4, 6, 5, 6, 6], [2, 2, 3, 3, 3, 3], [4, 4, 3, 4, 4, 3], [1, 2, 2, 2, 2, 2], [1, 0, 1, 1, 1, 1]]",103645.0
"[[6, 5, 6, 6, 5, 5], [3, 3, 3, 2, 2, 3], [4, 3, 4, 4, 3, 4], [2, 2, 2, 2, 2, 1], [1, 1, 1, 1, 1, 0]]",96091.0
"[[6, 6, 5, 6, 5, 5], [2, 3, 3, 3, 3, 2], [4, 3, 4, 4, 3, 4], [2, 2, 2, 1, 2, 2], [1, 1, 1, 1, 0, 1]]",97533.5
"[[6, 6, 6, 5, 5, 5], [2, 3, 3, 2, 3, 3], [4, 3, 4, 3, 4, 4], [1, 2, 2, 2, 2, 2], [1, 0, 1, 1, 1, 1]]",103000.0
"[[5, 5, 6, 6, 6, 5], [3, 3, 1, 3, 3, 3], [3, 3, 4, 4, 4, 4], [2, 2, 2, 2, 2, 1], [1, 1, 1, 1, 1, 0]]",94573.0
"[[6, 4, 6, 6, 5, 6], [3, 3, 2, 3, 2, 3], [4, 3, 3, 4, 4, 4], [1, 2, 2, 2, 2, 2], [1, 1, 1, 1, 0, 1]]",96290.5
"[[6, 6, 5, 5, 5, 6], [2, 3, 3, 3, 3, 2], [4, 4, 3, 4, 4, 3], [2, 2, 2, 2, 1, 2], [0, 1, 1, 1, 1, 1]]",103946.5
"[[6, 5, 6, 5, 5, 6], [3, 3, 3, 2, 2, 3], [4, 3, 4, 3, 4, 4], [2, 2, 1, 2, 2, 2], [1, 1, 1, 1, 0, 1]]",97069.0
"[[5, 5, 6, 6, 5, 6], [3, 2, 3, 2, 3, 3], [3, 4, 4, 3, 4, 4], [2, 2, 1, 2, 2, 2], [1, 1, 1, 1, 1, 0]]",93827.5
"[[6, 6, 6, 6, 4, 5], [3, 3, 3, 2, 2, 3], [4, 4, 4, 3, 3, 4], [2, 2, 2, 1, 2, 2], [1, 1, 1, 1, 0, 1]]",97436.0
"[[6, 4, 6, 5, 6, 6], [2, 3, 2, 3, 3, 3], [4, 3, 4, 4, 3, 4], [2, 2, 2, 1, 2, 2], [1, 1, 0, 1, 1, 1]]",98176.5
"[[4, 5, 6, 6, 6, 6], [3, 3, 2, 3, 2, 3], [3, 4, 3, 4, 4, 4], [1, 2, 2, 2, 2, 2], [1, 1, 1, 1, 0, 1]]",93515.0
"[[5, 6, 6, 4, 6, 6], [3, 3, 3, 1, 3, 3], [4, 2, 4, 4, 4, 4], [2, 2, 2, 2, 1, 2], [0, 1, 1, 1, 1, 1]]",99502.5
"[[6, 5, 6, 5, 5, 6], [3, 3, 3, 2, 3, 2], [3, 4, 4, 3, 4, 4], [2, 2, 2, 2, 2, 1], [1, 1, 1, 1, 1, 0]]",96091.0
"[[5, 6, 6, 5, 6, 5], [3, 3, 2, 3, 3, 2], [3, 3, 4, 4, 4, 4], [2, 2, 1, 2, 2, 2], [1, 1, 1, 1, 0, 1]]",96534.5
"[[5, 5, 6, 6, 6, 5], [3, 3, 3, 2, 3, 2], [4, 3, 3, 4, 4, 4], [2, 2, 2, 2, 1, 2], [0, 1, 1, 1, 1, 1]]",99022.5
"[[6, 6, 6, 5, 5, 5], [3, 1, 3, 3, 3, 3], [4, 3, 4, 4, 3, 4], [2, 2, 2, 2, 2, 1], [1, 1, 1, 1, 1, 0]]",98854.5
"[[5, 6, 5, 5, 6, 6], [3, 2, 3, 3, 2, 3], [4, 4, 3, 4, 3, 4], [1, 2, 2, 2, 2, 2], [1, 0, 1, 1, 1, 1]]",102376.5
"[[6, 6, 6, 6, 5, 4], [3, 3, 3, 2, 2, 3], [3, 4, 3, 4, 4, 4], [2, 2, 2, 1, 2, 2], [1, 0, 1, 1, 1, 1]]",100375.5
"[[4, 6, 6, 5, 6, 6], [3, 3, 2, 2, 3, 3], [4, 4, 4, 3, 4, 3], [2, 2, 2, 2, 1, 2], [1, 1, 1, 1, 1, 0]]",93223.5
"[[6, 5, 5, 6, 5, 6], [2, 3, 3, 3, 3, 2], [3, 3, 4, 4, 4, 4], [2, 2, 2, 2, 1, 2], [1, 1, 1, 1, 1, 0]]",95549.5
"[[6, 5, 5, 5, 6, 6], [3, 3, 2, 3, 2, 3], [3, 3, 4, 4, 4, 4], [2, 2, 2, 2, 1, 2], [1, 0, 1, 1, 1, 1]]",104479.0
"[[5, 6, 4, 6, 6, 6], [3, 3, 3, 3, 2, 2], [4, 3, 4, 4, 3, 4], [2, 2, 2, 2, 2, 1], [1, 1, 0, 1, 1, 1]]",100467.5
"[[5, 6, 6, 4, 6, 6], [3, 3, 2, 3, 2, 3], [4, 4, 4, 3, 3, 4], [2, 2, 2, 1, 2, 2], [1, 1, 1, 0, 1, 1]]",102770.0
"[[6, 5, 5, 5, 6, 6], [2, 3, 3, 2, 3, 3], [3, 4, 4, 3, 4, 4], [2, 2, 2, 1, 2, 2], [1, 1, 1, 1, 0, 1]]",95323.0
"[[6, 5, 5, 5, 6, 6], [3, 3, 3, 2, 2, 3], [4, 4, 4, 3, 4, 3], [2, 1, 2, 2, 2, 2], [1, 1, 1, 1, 0, 1]]",95323.0
"[[6, 6, 4, 6, 6, 5], [3, 2, 3, 3, 3, 2], [4, 4, 3, 4, 4, 3], [2, 2, 2, 1, 2, 2], [1, 1, 0, 1, 1, 1]]",101745.0
"[[5, 5, 5, 6, 6, 6], [3, 2, 2, 3, 3, 3], [3, 4, 3, 4, 4, 4], [2, 2, 2, 2, 2, 1], [1, 1, 0, 1, 1, 1]]",98336.5
"[[6, 6, 6, 6, 5, 4], [3, 3, 2, 3, 2, 3], [3, 4, 4, 3, 4, 4], [2, 2, 2, 2, 1, 2], [1, 1, 1, 1, 1, 0]]",99098.5
"[[6, 4, 6, 6, 5, 6], [3, 3, 3, 3, 2, 2], [4, 4, 3, 4, 4, 3], [1, 2, 2, 2, 2, 2], [1, 1, 0, 1, 1, 1]]",98012.5
"[[5, 6, 6, 6, 5, 5], [3, 3, 2, 2, 3, 3], [4, 2, 4, 4, 4, 4], [2, 2, 1, 2, 2, 2], [1, 1, 1, 0, 1, 1]]",101247.5
"[[5, 5, 6, 5, 6, 6], [3, 3, 3, 3, 3, 1], [4, 4, 4, 4, 2, 4], [1, 2, 2, 2, 2, 2], [0, 1, 1, 1, 1, 1]]",98205.0
"[[6, 5, 6, 6, 5, 5], [3, 2, 3, 3, 2, 3], [4, 4, 3, 4, 4, 3], [1, 2, 2, 2, 2, 2], [1, 1, 1, 0, 1, 1]]",101474.5
"[[6, 5, 6, 6, 5, 5], [3, 3, 3, 3, 2, 2], [4, 4, 4, 4, 4, 2], [2, 2, 2, 2, 1, 2], [1, 0, 1, 1, 1, 1]]",103697.0
"[[6, 5, 6, 5, 6, 5], [3, 3, 1, 3, 3, 3], [3, 3, 4, 4, 4, 4], [2, 1, 2, 2, 2, 2], [0, 1, 1, 1, 1, 1]]",101966.0
"[[5, 5, 5, 6, 6, 6], [3, 2, 3, 3, 2, 3], [4, 4, 4, 3, 3, 4], [2, 2, 2, 1, 2, 2], [1, 1, 0, 1, 1, 1]]",98336.5
"[[6, 6, 5, 6, 6, 4], [3, 3, 3, 2, 2, 3], [4, 4, 3, 4, 4, 3], [2, 1, 2, 2, 2, 2], [1, 0, 1, 1, 1, 1]]",100390.5
"[[6, 6, 6, 5, 6, 4], [3, 3, 3, 1, 3, 3], [4, 4, 3, 4, 3, 4], [2, 2, 2, 1, 2, 2], [1, 1, 1, 1, 0, 1]]",92035.5
"[[6, 6, 6, 6, 4, 5], [2, 2, 3, 3, 3, 3], [4, 3, 3, 4, 4, 4], [2, 2, 2, 2, 1, 2], [1, 1, 1, 1, 0, 1]]",99013.0
"[[6, 6, 4, 6, 5, 6], [3, 3, 2, 3, 3, 2], [4, 4, 4, 4, 4, 2], [2, 2, 2, 2, 2, 1], [1, 1, 1, 0, 1, 1]]",100272.5
"[[6, 6, 6, 5, 6, 4], [2, 3, 3, 3, 2, 3], [3, 4, 4, 4, 3, 4], [2, 2, 2, 2, 2, 1], [1, 1, 1, 1, 1, 0]]",99098.5
"[[6, 6, 4, 5, 6, 6], [3, 2, 3, 2, 3, 3], [4, 3, 4, 3, 4, 4], [2, 2, 2, 2, 2, 1], [1, 1, 1, 1, 0, 1]]",95323.5
"[[5, 5, 6, 6, 6, 5], [2, 3, 3, 2, 3, 3], [3, 4, 4, 3, 4, 4], [2, 1, 2, 2, 2, 2], [1, 1, 1, 0, 1, 1]]",99340.0
"[[4, 5, 6, 6, 6, 6], [3, 3, 3, 2, 3, 2], [3, 4, 4, 4, 3, 4], [2, 1, 2, 2, 2, 2], [1, 1, 1, 1, 1, 0]]",90960.0
"[[6, 5, 6, 6, 5, 5], [3, 2, 3, 2, 3, 3], [4, 4, 4, 4, 3, 3], [2, 2, 2, 1, 2, 2], [1, 1, 1, 1, 1, 0]]",96091.0
"[[6, 6, 6, 5, 4, 6], [3, 3, 2, 2, 3, 3], [4, 3, 3, 4, 4, 4], [2, 2, 2, 2, 1, 2], [1, 1, 1, 1, 0, 1]]",99331.0
"[[6, 6, 6, 4, 5, 6], [2, 2, 3, 3, 3, 3], [4, 4, 3, 4, 3, 4], [2, 2, 2, 2, 2, 1], [1, 1, 1, 0, 1, 1]]",104981.0
"[[5, 6, 6, 6, 6, 4], [3, 3, 3, 2, 2, 3], [3, 4, 4, 3, 4, 4], [2, 2, 2, 2, 1, 2], [0, 1, 1, 1, 1, 1]]",98800.0
"[[6, 5, 5, 6, 5, 6], [3, 3, 2, 3, 3, 2], [4, 3, 4, 4, 3, 4], [2, 2, 2, 2, 1, 2], [1, 0, 1, 1, 1, 1]]",104408.0
"[[5, 6, 5, 6, 6, 5], [3, 3, 3, 2, 2, 3], [3, 4, 4, 3, 4, 4], [2, 2, 2, 2, 2, 1], [1, 0, 1, 1, 1, 1]]",100363.0
"[[6, 5, 5, 6, 6, 5], [3, 3, 3, 1, 3, 3], [4, 3, 4, 4, 3, 4], [2, 2, 2, 2, 1, 2], [1, 1, 0, 1, 1, 1]]",96163.5
"[[6, 5, 5, 6, 6, 5], [1, 3, 3, 3, 3, 3], [4, 3, 4, 3, 4, 4], [2, 2, 1, 2, 2, 2], [1, 1, 0, 1, 1, 1]]",98321.5
"[[5, 6, 5, 6, 5, 6], [3, 2, 2, 3, 3, 3], [4, 3, 4, 4, 3, 4], [1, 2, 2, 2, 2, 2], [1, 1, 1, 1, 0, 1]]",97359.5
"[[6, 6, 5, 5, 6, 5], [3, 2, 3, 3, 3, 2], [3, 3, 4, 4, 4, 4], [2, 2, 1, 2, 2, 2], [1, 0, 1, 1, 1, 1]]",103627.5
"[[5, 5, 6, 5, 6, 6], [3, 2, 2, 3, 3, 3], [4, 4, 4, 4, 4, 2], [1, 2, 2, 2, 2, 2], [1, 1, 1, 1, 0, 1]]",96353.0
"[[6, 4, 6, 6, 6, 5], [3, 3, 2, 2, 3, 3], [4, 4, 4, 4, 3, 3], [2, 2, 2, 2, 1, 2], [1, 1, 1, 1, 1, 0]]",93735.5
"[[6, 4, 5, 6, 6, 6], [3, 3, 3, 2, 2, 3], [4, 4, 4, 3, 3, 4], [2, 2, 2, 1, 2, 2], [1, 1, 1, 1, 0, 1]]",92968.5
"[[5, 6, 6, 4, 6, 6], [2, 3, 3, 3, 3, 2], [4, 4, 2, 4, 4, 4], [1, 2, 2, 2, 2, 2], [1, 1, 1, 1, 1, 0]]",95860.5
"[[6, 4, 6, 6, 6, 5], [3, 3, 3, 2, 3, 2], [4, 3, 4, 3, 4, 4], [2, 2, 2, 2, 1, 2], [1, 1, 1, 1, 1, 0]]",93735.5
"[[6, 5, 6, 4, 6, 6], [3, 3, 2, 3, 2, 3], [4, 3, 3, 4, 4, 4], [2, 1, 2, 2, 2, 2], [1, 1, 0, 1, 1, 1]]",100562.0
"[[6, 5, 6, 6, 5, 5], [1, 3, 3, 3, 3, 3], [4, 3, 4, 4, 3, 4], [2, 1, 2, 2, 2, 2], [1, 1, 0, 1, 1, 1]]",98221.5
"[[6, 6, 6, 6, 4, 5], [3, 3, 2, 3, 2, 3], [4, 4, 4, 3, 4, 3], [2, 1, 2, 2, 2, 2], [1, 0, 1, 1, 1, 1]]",103158.0
"[[6, 6, 5, 5, 5, 6], [3, 3, 3, 3, 3, 1], [4, 4, 3, 4, 4, 3], [1, 2, 2, 2, 2, 2], [1, 1, 1, 0, 1, 1]]",99942.0
"[[5, 6, 6, 4, 6, 6], [2, 3, 3, 3, 3, 2], [2, 4, 4, 4, 4, 4], [2, 2, 2, 2, 1, 2], [1, 1, 0, 1, 1, 1]]",100192.0
"[[6, 6, 5, 5, 5, 6], [3, 3, 3, 1, 3, 3], [4, 4, 4, 3, 3, 4], [1, 2, 2, 2, 2, 2], [0, 1, 1, 1, 1, 1]]",100234.0
"[[6, 4, 6, 5, 6, 6], [3, 3, 2, 3, 2, 3], [3, 4, 4, 4, 4, 3], [2, 2, 2, 2, 1, 2], [1, 1, 0, 1, 1, 1]]",98156.5
"[[5, 4, 6, 6, 6, 6], [2, 3, 3, 3, 2, 3], [4, 4, 3, 3, 4, 4], [2, 2, 2, 1, 2, 2], [1, 0, 1, 1, 1, 1]]",101087.5
"[[6, 6, 5, 4, 6, 6], [3, 2, 3, 3, 3, 2], [2, 4, 4, 4, 4, 4], [2, 1, 2, 2, 2, 2], [1, 1, 1, 1, 1, 0]]",96168.5
"[[6, 5, 6, 6, 6, 4], [2, 2, 3, 3, 3, 3], [3, 4, 4, 4, 4, 3], [2, 2, 2, 2, 2, 1], [1, 1, 0, 1, 1, 1]]",96958.5
"[[5, 6, 5, 6, 5, 6], [3, 1, 3, 3, 3, 3], [4, 4, 3, 4, 3, 4], [2, 2, 1, 2, 2, 2], [1, 1, 1, 1, 1, 0]]",95241.5
"[[6, 3, 6, 6, 6, 6], [3, 3, 3, 2, 2, 3], [4, 3, 3, 4, 4, 4], [2, 2, 2, 2, 2, 1], [1, 1, 1, 0, 1, 1]]",97672.5
"[[4, 6, 5, 6, 6, 6], [2, 3, 3, 3, 2, 3], [4, 3, 4, 3, 4, 4], [2, 1, 2, 2, 2, 2], [1, 1, 1, 0, 1, 1]]",97640.5
"[[6, 6, 5, 6, 5, 5], [2, 3, 3, 2, 3, 3], [4, 4, 4, 2, 4, 4], [2, 2, 1, 2, 2, 2], [1, 1, 1, 0, 1, 1]]",101501.5
"[[6, 6, 5, 6, 5, 5], [3, 2, 3, 3, 3, 2], [4, 3, 4, 3, 4, 4], [2, 1, 2, 2, 2, 2], [1, 1, 1, 0, 1, 1]]",101458.0
"[[6, 6, 5, 5, 5, 6], [3, 3, 2, 3, 2, 3], [4, 3, 4, 3, 4, 4], [2, 2, 2, 1, 2, 2], [1, 0, 1, 1, 1, 1]]",104908.0
"[[5, 5, 6, 5, 6, 6], [3, 3, 2, 2, 3, 3], [3, 4, 4, 3, 4, 4], [2, 2, 2, 2, 1, 2], [0, 1, 1, 1, 1, 1]]",100234.5
"[[4, 5, 6, 6, 6, 6], [2, 3, 3, 3, 2, 3], [4, 4, 3, 4, 3, 4], [2, 2, 1, 2, 2, 2], [0, 1, 1, 1, 1, 1]]",98718.0
"[[6, 5, 6, 5, 5, 6], [2, 3, 2, 3, 3, 3], [4, 3, 4, 4, 3, 4], [2, 1, 2, 2, 2, 2], [1, 1, 1, 0, 1, 1]]",102743.5
"[[5, 5, 6, 6, 6, 5], [3, 2, 3, 2, 3, 3], [3, 4, 3, 4, 4, 4], [2, 2, 2, 2, 2, 1], [1, 1, 1, 0, 1, 1]]",99314.0
"[[6, 5, 6, 6, 5, 5], [3, 3, 3, 2, 3, 2], [4, 3, 4, 4, 3, 4], [2, 2, 2, 2, 2, 1], [0, 1, 1, 1, 1, 1]]",101018.0
"[[6, 6, 5, 5, 6, 5], [3, 2, 3, 3, 3, 2], [4, 3, 4, 3, 4, 4], [2, 2, 2, 1, 2, 2], [1, 1, 1, 0, 1, 1]]",101558.0
"[[5, 6, 6, 6, 5, 5], [3, 3, 1, 3, 3, 3], [4, 4, 2, 4, 4, 4], [2, 2, 1, 2, 2, 2], [1, 1, 1, 1, 0, 1]]",96041.5
"[[5, 6, 6, 5, 5, 6], [3, 3, 3, 2, 2, 3], [4, 4, 3, 4, 4, 3], [2, 2, 2, 2, 1, 2], [1, 1, 1, 1, 0, 1]]",97069.5
"[[6, 5, 6, 4, 6, 6], [3, 2, 3, 2, 3, 3], [3, 3, 4, 4, 4, 4], [2, 1, 2, 2, 2, 2], [1, 1, 0, 1, 1, 1]]",99970.0
"[[6, 5, 6, 5, 5, 6], [2, 3, 3, 3, 2, 3], [4, 3, 3, 4, 4, 4], [2, 2, 2, 1, 2, 2], [1, 1, 0, 1, 1, 1]]",100616.0
"[[6, 6, 6, 4, 6, 5], [2, 2, 3, 3, 3, 3], [2, 4, 4, 4, 4, 4], [1, 2, 2, 2, 2, 2], [1, 0, 1, 1, 1, 1]]",103005.5
"[[6, 6, 5, 6, 5, 5], [3, 2, 3, 3, 2, 3], [4, 4, 3, 4, 4, 3], [2, 2, 2, 2, 2, 1], [1, 0, 1, 1, 1, 1]]",103665.5
"[[6, 6, 5, 6, 5, 5], [3, 1, 3, 3, 3, 3], [4, 3, 4, 3, 4, 4], [2, 2, 2, 1, 2, 2], [1, 1, 0, 1, 1, 1]]",101434.0
"[[5, 5, 5, 6, 6, 6], [2, 3, 3, 3, 3, 2], [4, 4, 3, 3, 4, 4], [2, 1, 2, 2, 2, 2], [1, 1, 1, 0, 1, 1]]",98080.5
"[[5, 5, 6, 6, 6, 5], [3, 3, 3, 3, 1, 3], [3, 4, 4, 4, 3, 4], [2, 1, 2, 2, 2, 2], [1, 1, 1, 0, 1, 1]]",98923.0
"[[6, 5, 6, 6, 6, 4], [2, 2, 3, 3, 3, 3], [3, 4, 3, 4, 4, 4], [2, 2, 2, 2, 1, 2], [1, 1, 0, 1, 1, 1]]",96958.5
"[[6, 6, 4, 6, 6, 5], [3, 3, 3, 1, 3, 3], [3, 4, 3, 4, 4, 4], [2, 1, 2, 2, 2, 2], [1, 1, 1, 1, 1, 0]]",91704.5
"[[5, 6, 5, 6, 5, 6], [2, 3, 3, 3, 3, 2], [3, 3, 4, 4, 4, 4], [2, 2, 2, 2, 1, 2], [0, 1, 1, 1, 1, 1]]",101793.5
"[[5, 6, 5, 6, 5, 6], [3, 3, 3, 1, 3, 3], [3, 4, 3, 4, 4, 4], [2, 2, 2, 2, 1, 2], [1, 1, 1, 0, 1, 1]]",100176.5
"[[5, 6, 4, 6, 6, 6], [3, 2, 3, 3, 2, 3], [3, 4, 3, 4, 4, 4], [2, 2, 2, 2, 2, 1], [0, 1, 1, 1, 1, 1]]",99693.5
"[[5, 6, 5, 6, 6, 5], [3, 3, 3, 2, 2, 3], [4, 3, 4, 4, 3, 4], [2, 2, 2, 2, 1, 2], [1, 0, 1, 1, 1, 1]]",100363.0
"[[6, 5, 6, 5, 5, 6], [3, 3, 3, 2, 3, 2], [4, 4, 4, 3, 4, 3], [2, 2, 2, 2, 2, 1], [1, 1, 0, 1, 1, 1]]",99817.0
"[[6, 5, 6, 6, 5, 5], [3, 2, 3, 2, 3, 3], [4, 3, 3, 4, 4, 4], [2, 2, 2, 2, 1, 2], [1, 1, 1, 1, 0, 1]]",95174.0
"[[5, 5, 6, 5, 6, 6], [3, 2, 3, 3, 2, 3], [4, 4, 4, 4, 3, 3], [2, 2, 1, 2, 2, 2], [1, 1, 1, 0, 1, 1]]",100508.5
"[[3, 6, 6, 6, 6, 6], [3, 3, 3, 3, 2, 2], [3, 4, 4, 3, 4, 4], [2, 2, 2, 1, 2, 2], [1, 1, 1, 1, 1, 0]]",91037.0
"[[6, 6, 6, 4, 5, 6], [2, 3, 2, 3, 3, 3], [4, 3, 4, 3, 4, 4], [2, 2, 2, 2, 2, 1], [1, 1, 1, 0, 1, 1]]",105007.5
"[[6, 6, 6, 6, 5, 4], [3, 2, 3, 3, 3, 2], [3, 4, 4, 4, 4, 3], [2, 2, 1, 2, 2, 2], [1, 1, 0, 1, 1, 1]]",99158.5
"[[6, 6, 5, 6, 5, 5], [3, 3, 2, 2, 3, 3], [4, 3, 3, 4, 4, 4], [1, 2, 2, 2, 2, 2], [1, 0, 1, 1, 1, 1]]",102762.5
"[[5, 6, 6, 6, 5, 5], [3, 3, 3, 3, 1, 3], [4, 4, 4, 3, 3, 4], [2, 2, 2, 2, 2, 1], [1, 1, 1, 1, 0, 1]]",96751.5
"[[4, 6, 5, 6, 6, 6], [3, 3, 2, 2, 3, 3], [4, 4, 4, 4, 4, 2], [1, 2, 2, 2, 2, 2], [1, 1, 1, 1, 0, 1]]",92446.5
"[[5, 5, 6, 6, 6, 5], [2, 2, 3, 3, 3, 3], [4, 4, 3, 4, 3, 4], [2, 2, 2, 2, 2, 1], [0, 1, 1, 1, 1, 1]]",99811.5
"[[6, 5, 5, 6, 5, 6], [3, 3, 3, 2, 2, 3], [4, 4, 3, 4, 4, 3], [2, 2, 1, 2, 2, 2], [0, 1, 1, 1, 1, 1]]",100612.5
"[[6, 6, 5, 5, 6, 5], [3, 3, 3, 3, 1, 3], [4, 4, 4, 4, 2, 4], [1, 2, 2, 2, 2, 2], [0, 1, 1, 1, 1, 1]]",102798.0
"[[6, 6, 5, 6, 5, 5], [1, 3, 3, 3, 3, 3], [4, 4, 4, 4, 3, 3], [2, 2, 2, 2, 2, 1], [1, 1, 1, 0, 1, 1]]",100297.5
"[[6, 6, 5, 5, 5, 6], [3, 3, 3, 1, 3, 3], [3, 4, 4, 4, 4, 3], [2, 2, 2, 1, 2, 2], [0, 1, 1, 1, 1, 1]]",100234.0
"[[6, 6, 5, 5, 6, 5], [3, 3, 3, 3, 3, 1], [3, 4, 4, 4, 3, 4], [2, 1, 2, 2, 2, 2], [1, 1, 1, 1, 1, 0]]",97788.5
"[[6, 4, 5, 6, 6, 6], [2, 3, 3, 3, 3, 2], [4, 3, 3, 4, 4, 4], [2, 2, 1, 2, 2, 2], [1, 1, 1, 1, 0, 1]]",94048.0
"[[4, 6, 6, 6, 6, 5], [2, 3, 3, 3, 3, 2], [4, 4, 2, 4, 4, 4], [2, 2, 2, 1, 2, 2], [1, 1, 1, 1, 1, 0]]",93259.0
"[[6, 6, 6, 6, 6, 3], [2, 3, 3, 2, 3, 3], [4, 4, 3, 3, 4, 4], [2, 1, 2, 2, 2, 2], [1, 1, 1, 1, 1, 0]]",98271.0
"[[5, 6, 5, 5, 6, 6], [2, 3, 3, 3, 2, 3], [4, 2, 4, 4, 4, 4], [2, 2, 2, 2, 2, 1], [1, 1, 0, 1, 1, 1]]",100175.0
"[[6, 6, 6, 5, 6, 4], [3, 3, 3, 3, 2, 2], [4, 4, 2, 4, 4, 4], [2, 1, 2, 2, 2, 2], [0, 1, 1, 1, 1, 1]]",100989.0
"[[6, 5, 5, 6, 6, 5], [3, 3, 3, 3, 2, 2], [4, 4, 4, 3, 3, 4], [2, 1, 2, 2, 2, 2], [1, 1, 1, 1, 0, 1]]",95271.0
"[[6, 6, 5, 5, 5, 6], [2, 3, 3, 2, 3, 3], [4, 3, 4, 3, 4, 4], [2, 2, 2, 2, 2, 1], [1, 1, 1, 1, 0, 1]]",97587.0
"[[6, 4, 6, 6, 5, 6], [3, 3, 3, 2, 3, 2], [4, 4, 4, 4, 3, 3], [2, 2, 2, 2, 1, 2], [1, 1, 0, 1, 1, 1]]",97336.5
"[[6, 5, 5, 6, 5, 6], [3, 3, 3, 1, 3, 3], [4, 4, 3, 3, 4, 4], [2, 1, 2, 2, 2, 2], [1, 1, 1, 1, 0, 1]]",92682.0
"[[3, 6, 6, 6, 6, 6], [3, 2, 3, 3, 3, 2], [4, 3, 4, 3, 4, 4], [1, 2, 2, 2, 2, 2], [1, 1, 0, 1, 1, 1]]",94667.5
"[[6, 4, 5, 6, 6, 6], [3, 1, 3, 3, 3, 3], [3, 3, 4, 4, 4, 4], [1, 2, 2, 2, 2, 2], [1, 1, 1, 1, 1, 0]]",93134.5
"[[5, 6, 6, 5, 6, 5], [3, 2, 3, 2, 3, 3], [4, 4, 4, 3, 4, 3], [2, 2, 2, 2, 2, 1], [1, 0, 1, 1, 1, 1]]",100600.5
"[[5, 6, 5, 6, 6, 5], [3, 3, 3, 2, 3, 2], [4, 4, 4, 3, 3, 4], [2, 2, 1, 2, 2, 2], [1, 1, 1, 0, 1, 1]]",99296.5
"[[5, 5, 6, 5, 6, 6], [3, 3, 3, 3, 2, 2], [3, 4, 3, 4, 4, 4], [1, 2, 2, 2, 2, 2], [1, 1, 1, 0, 1, 1]]",100344.5
"[[5, 6, 6, 5, 5, 6], [3, 3, 2, 3, 3, 2], [4, 4, 4, 3, 4, 3], [2, 2, 2, 2, 2, 1], [1, 1, 1, 0, 1, 1]]",102606.0
"[[5, 6, 6, 6, 6, 4], [3, 3, 3, 2, 3, 2], [3, 4, 4, 3, 4, 4], [2, 2, 2, 2, 1, 2], [1, 1, 1, 1, 0, 1]]",92414.5
"[[5, 5, 5, 6, 6, 6], [2, 3, 3, 3, 2, 3], [3, 4, 4, 3, 4, 4], [2, 2, 1, 2, 2, 2], [1, 1, 0, 1, 1, 1]]",98336.5
"[[6, 5, 6, 5, 6, 5], [3, 3, 3, 3, 2, 2], [4, 4, 2, 4, 4, 4], [2, 2, 2, 2, 1, 2], [1, 1, 1, 0, 1, 1]]",100492.0
"[[4, 5, 6, 6, 6, 6], [2, 3, 3, 3, 2, 3], [4, 4, 4, 2, 4, 4], [2, 2, 2, 2, 2, 1], [1, 1, 1, 1, 1, 0]]",91705.5
"[[6, 5, 6, 6, 5, 5], [3, 2, 3, 3, 2, 3], [4, 3, 4, 4, 4, 3], [2, 2, 2, 2, 1, 2], [0, 1, 1, 1, 1, 1]]",101866.0
"[[6, 6, 4, 6, 5, 6], [3, 3, 1, 3, 3, 3], [3, 3, 4, 4, 4, 4], [2, 2, 1, 2, 2, 2], [1, 1, 1, 1, 1, 0]]",95549.0
"[[6, 4, 6, 6, 5, 6], [3, 3, 3, 2, 3, 2], [4, 4, 4, 4, 4, 2], [2, 1, 2, 2, 2, 2], [1, 1, 1, 0, 1, 1]]",100209.5
"[[5, 6, 5, 6, 6, 5], [3, 3, 3, 2, 2, 3], [3, 4, 4, 4, 3, 4], [2, 2, 2, 1, 2, 2], [1, 0, 1, 1, 1, 1]]",100363.0
"[[6, 6, 5, 5, 6, 5], [2, 3, 3, 3, 3, 2], [4, 4, 4, 4, 3, 3], [2, 2, 2, 1, 2, 2], [1, 1, 1, 0, 1, 1]]",101558.0
"[[6, 5, 6, 5, 6, 5], [3, 3, 3, 2, 2, 3], [4, 3, 4, 3, 4, 4], [2, 2, 2, 1, 2, 2], [1, 1, 1, 1, 0, 1]]",95174.0
"[[5, 6, 6, 5, 6, 5], [3, 3, 3, 2, 2, 3], [4, 3, 4, 4, 4, 3], [2, 2, 2, 1, 2, 2], [1, 1, 0, 1, 1, 1]]",98765.0
"[[5, 6, 5, 6, 5, 6], [3, 2, 3, 2, 3, 3], [4, 4, 4, 4, 4, 2], [1, 2, 2, 2, 2, 2], [1, 1, 1, 1, 1, 0]]",94345.5
"[[6, 5, 6, 6, 5, 5], [3, 3, 2, 2, 3, 3], [4, 4, 2, 4, 4, 4], [2, 2, 1, 2, 2, 2], [1, 1, 1, 0, 1, 1]]",100435.5
"[[5, 6, 5, 6, 5, 6], [3, 3, 2, 3, 3, 2], [4, 4, 4, 4, 4, 2], [2, 1, 2, 2, 2, 2], [1, 1, 1, 1, 1, 0]]",95550.0
"[[6, 5, 6, 5, 6, 5], [2, 3, 2, 3, 3, 3], [3, 4, 3, 4, 4, 4], [2, 2, 2, 2, 2, 1], [1, 1, 1, 1, 0, 1]]",96727.0
"[[5, 6, 6, 6, 6, 4], [2, 3, 3, 2, 3, 3], [3, 4, 4, 3, 4, 4], [2, 2, 2, 2, 1, 2], [0, 1, 1, 1, 1, 1]]",98800.0
"[[5, 6, 6, 4, 6, 6], [3, 3, 3, 1, 3, 3], [3, 4, 3, 4, 4, 4], [2, 2, 1, 2, 2, 2], [1, 1, 1, 0, 1, 1]]",102540.0
"[[5, 6, 6, 6, 5, 5], [3, 3, 3, 3, 3, 1], [4, 3, 4, 3, 4, 4], [1, 2, 2, 2, 2, 2], [1, 0, 1, 1, 1, 1]]",99315.0
"[[6, 5, 6, 5, 6, 5], [1, 3, 3, 3, 3, 3], [4, 3, 4, 4, 3, 4], [1, 2, 2, 2, 2, 2], [1, 0, 1, 1, 1, 1]]",101883.5
"[[5, 4, 6, 6, 6, 6], [3, 3, 3, 2, 3, 2], [4, 2, 4, 4, 4, 4], [2, 1, 2, 2, 2, 2], [1, 0, 1, 1, 1, 1]]",100204.0
"[[6, 6, 5, 6, 4, 6], [3, 3, 3, 2, 3, 2], [4, 4, 3, 4, 3, 4], [2, 1, 2, 2, 2, 2], [1, 1, 1, 1, 1, 0]]",96402.5
"[[4, 6, 6, 6, 6, 5], [3, 2, 3, 2, 3, 3], [4, 4, 4, 3, 4, 3], [2, 2, 2, 1, 2, 2], [1, 1, 1, 1, 0, 1]]",92306.5
"[[5, 6, 5, 6, 6, 5], [3, 3, 3, 3, 2, 2], [3, 4, 4, 4, 4, 3], [2, 2, 1, 2, 2, 2], [1, 1, 1, 0, 1, 1]]",99296.5
"[[5, 4, 6, 6, 6, 6], [2, 3, 3, 3, 3, 2], [4, 4, 4, 3, 3, 4], [2, 2, 2, 1, 2, 2], [1, 1, 1, 1, 1, 0]]",91964.0
"[[5, 6, 6, 6, 5, 5], [3, 3, 3, 3, 1, 3], [4, 4, 3, 4, 4, 3], [2, 2, 2, 2, 2, 1], [1, 0, 1, 1, 1, 1]]",101108.0
"[[5, 5, 6, 6, 5, 6], [3, 3, 3, 3, 3, 1], [3, 4, 4, 3, 4, 4], [1, 2, 2, 2, 2, 2], [1, 0, 1, 1, 1, 1]]",99650.5
"[[6, 5, 5, 6, 6, 5], [3, 3, 3, 2, 3, 2], [4, 4, 3, 4, 3, 4], [2, 2, 1, 2, 2, 2], [1, 1, 1, 1, 0, 1]]",93235.0
"[[6, 5, 6, 5, 5, 6], [3, 3, 3, 2, 3, 2], [4, 3, 4, 4, 3, 4], [1, 2, 2, 2, 2, 2], [1, 0, 1, 1, 1, 1]]",104151.0
"[[6, 6, 6, 5, 5, 5], [3, 2, 3, 3, 3, 2], [4, 3, 4, 4, 4, 3], [2, 2, 1, 2, 2, 2], [1, 1, 0, 1, 1, 1]]",101550.5
"[[4, 6, 6, 5, 6, 6], [3, 3, 2, 2, 3, 3], [4, 3, 4, 4, 4, 3], [1, 2, 2, 2, 2, 2], [1, 0, 1, 1, 1, 1]]",98861.0
"[[6, 6, 6, 5, 5, 5], [3, 3, 3, 3, 1, 3], [4, 3, 4, 3, 4, 4], [2, 2, 1, 2, 2, 2], [1, 1, 1, 1, 1, 0]]",98970.0
"[[6, 6, 6, 5, 5, 5], [3, 3, 2, 3, 3, 2], [4, 3, 3, 4, 4, 4], [2, 2, 2, 1, 2, 2], [0, 1, 1, 1, 1, 1]]",104042.5
"[[6, 6, 5, 4, 6, 6], [3, 2, 3, 2, 3, 3], [4, 4, 4, 3, 4, 3], [2, 1, 2, 2, 2, 2], [1, 1, 0, 1, 1, 1]]",102285.0
"[[6, 4, 6, 5, 6, 6], [3, 2, 3, 3, 2, 3], [4, 4, 3, 4, 4, 3], [2, 1, 2, 2, 2, 2], [0, 1, 1, 1, 1, 1]]",100782.0
"[[6, 4, 6, 6, 6, 5], [3, 3, 2, 3, 3, 2], [3, 4, 4, 4, 3, 4], [2, 2, 2, 2, 1, 2], [1, 1, 0, 1, 1, 1]]",96944.5
"[[6, 6, 5, 4, 6, 6], [3, 3, 2, 3, 2, 3], [3, 4, 4, 4, 4, 3], [2, 2, 1, 2, 2, 2], [1, 0, 1, 1, 1, 1]]",104128.5
"[[4, 6, 6, 6, 6, 5], [3, 3, 3, 2, 3, 2], [4, 3, 4, 3, 4, 4], [2, 2, 2, 2, 2, 1], [1, 1, 1, 0, 1, 1]]",98690.5
"[[5, 6, 6, 6, 4, 6], [3, 3, 2, 3, 2, 3], [4, 4, 3, 3, 4, 4], [2, 2, 2, 2, 2, 1], [1, 1, 1, 1, 1, 0]]",96721.0
"[[6, 5, 6, 5, 6, 5], [2, 3, 3, 3, 3, 2], [4, 4, 4, 3, 3, 4], [2, 2, 1, 2, 2, 2], [0, 1, 1, 1, 1, 1]]",101922.5
"[[5, 6, 6, 6, 4, 6], [3, 3, 3, 2, 3, 2], [4, 3, 4, 4, 4, 3], [2, 2, 1, 2, 2, 2], [0, 1, 1, 1, 1, 1]]",101876.0
"[[6, 6, 6, 4, 6, 5], [3, 2, 3, 3, 2, 3], [4, 4, 4, 3, 3, 4], [2, 2, 2, 2, 1, 2], [1, 0, 1, 1, 1, 1]]",103739.0
"[[6, 5, 6, 6, 6, 4], [3, 2, 3, 3, 3, 2], [4, 4, 3, 4, 4, 3], [2, 2, 2, 2, 1, 2], [0, 1, 1, 1, 1, 1]]",99436.0
"[[6, 5, 5, 6, 6, 5], [3, 3, 3, 2, 3, 2], [4, 4, 3, 4, 4, 3], [1, 2, 2, 2, 2, 2], [1, 1, 1, 1, 1, 0]]",94345.0
"[[6, 6, 6, 6, 5, 4], [3, 3, 2, 3, 2, 3], [4, 4, 4, 4, 3, 3], [2, 1, 2, 2, 2, 2], [1, 1, 1, 0, 1, 1]]",101235.0
"[[6, 6, 6, 6, 3, 6], [3, 2, 3, 2, 3, 3], [2, 4, 4, 4, 4, 4], [2, 2, 2, 2, 2, 1], [1, 1, 1, 1, 0, 1]]",99049.5
"[[5, 6, 6, 6, 5, 5], [3, 2, 3, 3, 2, 3], [4, 3, 4, 4, 4, 3], [2, 1, 2, 2, 2, 2], [1, 0, 1, 1, 1, 1]]",101183.0
"[[6, 6, 5, 5, 6, 5], [3, 2, 3, 3, 3, 2], [4, 4, 3, 4, 4, 3], [2, 2, 2, 2, 1, 2], [1, 1, 0, 1, 1, 1]]",101745.0
"[[6, 6, 5, 4, 6, 6], [3, 3, 3, 3, 1, 3], [3, 4, 4, 3, 4, 4], [2, 1, 2, 2, 2, 2], [1, 0, 1, 1, 1, 1]]",104093.5
"[[6, 5, 5, 6, 5, 6], [3, 3, 3, 3, 3, 1], [4, 3, 4, 4, 3, 4], [2, 2, 2, 2, 1, 2], [1, 0, 1, 1, 1, 1]]",101771.0
"[[6, 6, 4, 6, 5, 6], [3, 3, 2, 2, 3, 3], [4, 3, 4, 3, 4, 4], [2, 2, 2, 1, 2, 2], [1, 0, 1, 1, 1, 1]]",102131.0
"[[6, 6, 6, 5, 4, 6], [2, 3, 3, 3, 3, 2], [4, 3, 3, 4, 4, 4], [2, 2, 2, 1, 2, 2], [1, 0, 1, 1, 1, 1]]",104542.5
"[[6, 3, 6, 6, 6, 6], [3, 3, 3, 3, 2, 2], [3, 4, 4, 4, 3, 4], [2, 2, 2, 2, 2, 1], [1, 1, 1, 0, 1, 1]]",97566.5
"[[6, 5, 6, 5, 6, 5], [2, 2, 3, 3, 3, 3], [4, 4, 2, 4, 4, 4], [2, 2, 2, 2, 2, 1], [1, 1, 1, 1, 1, 0]]",96126.5
"[[6, 6, 5, 5, 6, 5], [1, 3, 3, 3, 3, 3], [4, 4, 3, 4, 4, 3], [2, 2, 2, 1, 2, 2], [1, 1, 0, 1, 1, 1]]",100584.5
"[[4, 6, 6, 6, 6, 5], [3, 3, 2, 3, 3, 2], [4, 4, 3, 4, 4, 3], [1, 2, 2, 2, 2, 2], [1, 0, 1, 1, 1, 1]]",98331.5
"[[5, 6, 5, 5, 6, 6], [3, 3, 2, 3, 3, 2], [3, 3, 4, 4, 4, 4], [2, 1, 2, 2, 2, 2], [0, 1, 1, 1, 1, 1]]",101819.5
"[[6, 6, 6, 4, 5, 6], [3, 3, 2, 2, 3, 3], [4, 4, 4, 4, 3, 3], [2, 2, 2, 1, 2, 2], [1, 1, 0, 1, 1, 1]]",102255.0
"[[6, 4, 5, 6, 6, 6], [3, 3, 3, 3, 2, 2], [4, 3, 3, 4, 4, 4], [2, 1, 2, 2, 2, 2], [1, 1, 1, 1, 0, 1]]",94048.0
"[[5, 6, 6, 6, 5, 5], [3, 3, 3, 3, 3, 1], [4, 3, 4, 4, 4, 3], [2, 2, 2, 2, 2, 1], [1, 1, 1, 1, 0, 1]]",94157.5
"[[6, 5, 6, 6, 6, 4], [3, 3, 2, 3, 3, 2], [4, 4, 3, 3, 4, 4], [1, 2, 2, 2, 2, 2], [0, 1, 1, 1, 1, 1]]",99436.0
"[[6, 5, 5, 6, 5, 6], [3, 3, 2, 3, 3, 2], [3, 3, 4, 4, 4, 4], [1, 2, 2, 2, 2, 2], [1, 1, 1, 1, 0, 1]]",96401.0
"[[6, 6, 5, 5, 6, 5], [3, 2, 3, 3, 2, 3], [3, 4, 4, 4, 4, 3], [2, 2, 2, 1, 2, 2], [0, 1, 1, 1, 1, 1]]",102942.0
"[[5, 6, 5, 6, 5, 6], [3, 3, 3, 2, 3, 2], [4, 3, 4, 3, 4, 4], [2, 2, 2, 2, 1, 2], [1, 1, 0, 1, 1, 1]]",99765.5
"[[6, 6, 5, 5, 5, 6], [3, 2, 3, 3, 3, 2], [2, 4, 4, 4, 4, 4], [1, 2, 2, 2, 2, 2], [1, 1, 1, 0, 1, 1]]",102324.5
"[[6, 4, 6, 5, 6, 6], [3, 3, 3, 3, 2, 2], [4, 3, 4, 4, 3, 4], [2, 2, 2, 2, 2, 1], [1, 1, 1, 0, 1, 1]]",100277.5
"[[6, 6, 5, 5, 5, 6], [3, 3, 3, 3, 3, 1], [4, 4, 4, 3, 3, 4], [2, 2, 1, 2, 2, 2], [1, 1, 1, 0, 1, 1]]",99969.0
"[[5, 6, 5, 5, 6, 6], [3, 3, 1, 3, 3, 3], [4, 4, 4, 3, 3, 4], [2, 2, 2, 2, 1, 2], [1, 1, 1, 1, 0, 1]]",97291.5
"[[4, 5, 6, 6, 6, 6], [3, 3, 3, 2, 3, 2], [4, 4, 4, 3, 3, 4], [2, 2, 2, 1, 2, 2], [1, 1, 1, 0, 1, 1]]",97502.5
"[[6, 6, 5, 5, 6, 5], [2, 3, 3, 2, 3, 3], [4, 3, 4, 3, 4, 4], [2, 2, 2, 1, 2, 2], [1, 1, 1, 1, 0, 1]]",95675.0
"[[6, 4, 5, 6, 6, 6], [3, 2, 3, 3, 3, 2], [3, 4, 4, 4, 3, 4], [2, 2, 2, 1, 2, 2], [1, 1, 1, 0, 1, 1]]",98014.5
"[[4, 6, 6, 6, 5, 6], [3, 3, 2, 3, 2, 3], [4, 3, 4, 4, 4, 3], [2, 2, 2, 1, 2, 2], [1, 1, 1, 0, 1, 1]]",99876.5
"[[6, 6, 5, 5, 6, 5], [3, 2, 3, 3, 3, 2], [4, 4, 2, 4, 4, 4], [2, 1, 2, 2, 2, 2], [0, 1, 1, 1, 1, 1]]",102727.5
"[[6, 6, 4, 6, 6, 5], [3, 3, 3, 3, 1, 3], [3, 4, 4, 4, 4, 3], [2, 2, 1, 2, 2, 2], [1, 1, 1, 0, 1, 1]]",98893.0
"[[5, 6, 6, 5, 6, 5], [3, 2, 3, 2, 3, 3], [4, 4, 4, 3, 4, 3], [1, 2, 2, 2, 2, 2], [0, 1, 1, 1, 1, 1]]",101330.0
"[[5, 5, 6, 6, 6, 5], [3, 3, 3, 3, 2, 2], [4, 4, 2, 4, 4, 4], [2, 2, 2, 2, 1, 2], [1, 1, 1, 0, 1, 1]]",98228.5
"[[5, 6, 6, 5, 5, 6], [2, 3, 2, 3, 3, 3], [3, 4, 4, 4, 4, 3], [2, 2, 1, 2, 2, 2], [1, 1, 1, 1, 0, 1]]",98642.5
"[[5, 6, 6, 6, 6, 4], [3, 3, 2, 2, 3, 3], [4, 4, 3, 3, 4, 4], [1, 2, 2, 2, 2, 2], [0, 1, 1, 1, 1, 1]]",98800.0
"[[5, 4, 6, 6, 6, 6], [3, 2, 3, 2, 3, 3], [4, 3, 4, 4, 4, 3], [2, 2, 2, 2, 1, 2], [1, 1, 1, 1, 0, 1]]",92196.5
"[[6, 6, 6, 5, 6, 4], [3, 2, 3, 3, 2, 3], [4, 4, 3, 3, 4, 4], [2, 2, 2, 2, 2, 1], [1, 0, 1, 1, 1, 1]]",101310.5
"[[6, 6, 6, 6, 3, 6], [3, 3, 2, 3, 2, 3], [4, 4, 4, 4, 3, 3], [2, 1, 2, 2, 2, 2], [1, 1, 1, 1, 1, 0]]",97286.5
"[[6, 6, 5, 4, 6, 6], [3, 3, 2, 3, 2, 3], [4, 4, 4, 4, 3, 3], [2, 2, 2, 2, 2, 1], [1, 1, 0, 1, 1, 1]]",102877.0
"[[6, 4, 6, 6, 5, 6], [3, 3, 3, 2, 2, 3], [4, 4, 4, 4, 4, 2], [2, 2, 2, 2, 2, 1], [1, 1, 1, 1, 1, 0]]",93735.5
"[[6, 6, 5, 6, 6, 4], [2, 3, 3, 3, 3, 2], [3, 4, 4, 3, 4, 4], [1, 2, 2, 2, 2, 2], [1, 1, 1, 1, 1, 0]]",97812.0
"[[5, 6, 6, 5, 5, 6], [2, 3, 3, 2, 3, 3], [4, 2, 4, 4, 4, 4], [2, 1, 2, 2, 2, 2], [1, 1, 0, 1, 1, 1]]",99473.0
"[[6, 4, 6, 6, 6, 5], [2, 3, 3, 2, 3, 3], [4, 4, 4, 2, 4, 4], [1, 2, 2, 2, 2, 2], [0, 1, 1, 1, 1, 1]]",98868.0
"[[6, 6, 4, 6, 5, 6], [2, 3, 3, 3, 2, 3], [4, 4, 3, 3, 4, 4], [2, 2, 2, 1, 2, 2], [1, 1, 1, 1, 1, 0]]",95549.0
"[[6, 5, 5, 5, 6, 6], [2, 2, 3, 3, 3, 3], [3, 4, 4, 4, 3, 4], [2, 2, 2, 1, 2, 2], [1, 1, 1, 1, 1, 0]]",95549.5
"[[6, 5, 6, 6, 5, 5], [1, 3, 3, 3, 3, 3], [4, 4, 4, 4, 4, 2], [2, 2, 2, 2, 1, 2], [1, 1, 0, 1, 1, 1]]",98221.5
"[[6, 5, 5, 6, 6, 5], [2, 3, 3, 3, 3, 2], [3, 4, 4, 4, 3, 4], [2, 2, 2, 2, 1, 2], [1, 1, 1, 0, 1, 1]]",99296.0
"[[5, 6, 6, 6, 4, 6], [2, 3, 3, 3, 2, 3], [3, 4, 3, 4, 4, 4], [2, 2, 2, 2, 1, 2], [1, 1, 1, 1, 1, 0]]",96721.0
"[[5, 6, 6, 5, 5, 6], [3, 2, 3, 3, 2, 3], [4, 3, 4, 4, 4, 3], [2, 2, 1, 2, 2, 2], [0, 1, 1, 1, 1, 1]]",103218.0
"[[6, 6, 6, 5, 6, 4], [2, 2, 3, 3, 3, 3], [4, 4, 3, 4, 3, 4], [2, 2, 2, 1, 2, 2], [1, 0, 1, 1, 1, 1]]",101310.5
"[[6, 6, 5, 5, 6, 5], [2, 3, 3, 3, 3, 2], [4, 4, 4, 4, 2, 4], [2, 2, 1, 2, 2, 2], [1, 1, 1, 1, 0, 1]]",97123.0
"[[6, 5, 5, 6, 6, 5], [3, 3, 3, 3, 2, 2], [3, 4, 4, 4, 4, 3], [2, 2, 2, 2, 1, 2], [1, 0, 1, 1, 1, 1]]",103267.0
"[[6, 5, 6, 5, 5, 6], [3, 3, 3, 3, 3, 1], [4, 4, 4, 3, 3, 4], [2, 2, 2, 2, 2, 1], [1, 1, 1, 0, 1, 1]]",99968.5
"[[6, 5, 5, 6, 5, 6], [3, 3, 2, 3, 3, 2], [4, 4, 4, 4, 3, 3], [2, 2, 2, 2, 2, 1], [1, 1, 1, 1, 0, 1]]",96401.0
"[[4, 5, 6, 6, 6, 6], [2, 3, 3, 2, 3, 3], [4, 3, 4, 4, 3, 4], [1, 2, 2, 2, 2, 2], [1, 0, 1, 1, 1, 1]]",98853.5
"[[5, 6, 5, 6, 5, 6], [3, 2, 2, 3, 3, 3], [4, 3, 4, 4, 4, 3], [2, 2, 2, 1, 2, 2], [1, 1, 1, 1, 1, 0]]",95550.0
"[[6, 5, 4, 6, 6, 6], [3, 3, 3, 1, 3, 3], [4, 3, 3, 4, 4, 4], [1, 2, 2, 2, 2, 2], [1, 1, 0, 1, 1, 1]]",97332.0
"[[6, 6, 4, 6, 5, 6], [3, 3, 3, 2, 2, 3], [4, 4, 3, 4, 4, 3], [2, 1, 2, 2, 2, 2], [0, 1, 1, 1, 1, 1]]",100612.5
"[[4, 6, 6, 5, 6, 6], [3, 2, 3, 3, 3, 2], [4, 3, 4, 3, 4, 4], [2, 2, 2, 2, 1, 2], [1, 1, 1, 1, 0, 1]]",94820.5
"[[6, 5, 5, 5, 6, 6], [3, 3, 2, 3, 2, 3], [4, 3, 4, 3, 4, 4], [2, 1, 2, 2, 2, 2], [0, 1, 1, 1, 1, 1]]",101848.0
"[[6, 6, 4, 5, 6, 6], [3, 3, 3, 3, 2, 2], [4, 3, 4, 4, 4, 3], [2, 2, 2, 2, 1, 2], [1, 1, 0, 1, 1, 1]]",102767.5
"[[6, 6, 5, 5, 5, 6], [3, 3, 3, 2, 3, 2], [4, 4, 4, 4, 2, 4], [2, 1, 2, 2, 2, 2], [1, 1, 1, 0, 1, 1]]",102606.0
"[[5, 6, 6, 5, 5, 6], [2, 2, 3, 3, 3, 3], [4, 4, 3, 3, 4, 4], [2, 2, 2, 2, 1, 2], [1, 1, 1, 1, 1, 0]]",96837.0
"[[6, 6, 6, 5, 5, 5], [2, 3, 3, 2, 3, 3], [4, 3, 3, 4, 4, 4], [2, 2, 2, 1, 2, 2], [1, 1, 1, 1, 1, 0]]",98353.0
"[[6, 4, 5, 6, 6, 6], [2, 3, 2, 3, 3, 3], [4, 4, 4, 3, 3, 4], [2, 2, 2, 2, 2, 1], [1, 1, 1, 1, 0, 1]]",95006.0
"[[6, 6, 6, 5, 4, 6], [3, 2, 3, 2, 3, 3], [4, 3, 4, 3, 4, 4], [1, 2, 2, 2, 2, 2], [1, 1, 1, 1, 1, 0]]",98149.5
"[[6, 3, 6, 6, 6, 6], [2, 3, 3, 3, 2, 3], [3, 3, 4, 4, 4, 4], [2, 2, 2, 1, 2, 2], [1, 1, 0, 1, 1, 1]]",95294.0
"[[6, 5, 5, 6, 6, 5], [3, 3, 2, 2, 3, 3], [4, 3, 4, 3, 4, 4], [1, 2, 2, 2, 2, 2], [1, 1, 1, 1, 0, 1]]",93428.0
"[[6, 4, 6, 6, 6, 5], [3, 3, 3, 2, 3, 2], [2, 4, 4, 4, 4, 4], [2, 2, 2, 1, 2, 2], [0, 1, 1, 1, 1, 1]]",98824.5
"[[4, 5, 6, 6, 6, 6], [2, 3, 2, 3, 3, 3], [4, 4, 2, 4, 4, 4], [2, 2, 2, 2, 1, 2], [1, 1, 0, 1, 1, 1]]",95468.5
"[[5, 6, 6, 5, 5, 6], [3, 3, 2, 2, 3, 3], [4, 4, 3, 3, 4, 4], [1, 2, 2, 2, 2, 2], [0, 1, 1, 1, 1, 1]]",102468.5
"[[5, 5, 6, 5, 6, 6], [3, 3, 3, 3, 2, 2], [4, 4, 4, 3, 4, 3], [2, 2, 2, 2, 2, 1], [1, 1, 1, 0, 1, 1]]",100370.5
"[[6, 6, 6, 6, 5, 4], [3, 3, 3, 1, 3, 3], [4, 4, 3, 3, 4, 4], [2, 2, 2, 1, 2, 2], [1, 0, 1, 1, 1, 1]]",97830.0
"[[6, 6, 3, 6, 6, 6], [1, 3, 3, 3, 3, 3], [4, 3, 4, 4, 4, 3], [1, 2, 2, 2, 2, 2], [1, 1, 1, 1, 0, 1]]",93810.0
"[[6, 5, 5, 5, 6, 6], [3, 3, 2, 3, 3, 2], [4, 4, 4, 4, 4, 2], [2, 2, 1, 2, 2, 2], [1, 1, 1, 1, 1, 0]]",95549.5
"[[6, 5, 5, 6, 6, 5], [3, 3, 3, 2, 3, 2], [4, 3, 4, 4, 4, 3], [2, 2, 1, 2, 2, 2], [1, 1, 1, 1, 1, 0]]",94345.0
"[[4, 6, 5, 6, 6, 6], [3, 3, 3, 3, 2, 2], [4, 4, 4, 3, 4, 3], [2, 2, 1, 2, 2, 2], [1, 0, 1, 1, 1, 1]]",99330.5
"[[6, 4, 6, 5, 6, 6], [2, 3, 2, 3, 3, 3], [4, 4, 3, 4, 3, 4], [2, 2, 1, 2, 2, 2], [0, 1, 1, 1, 1, 1]]",100782.0
"[[5, 5, 6, 5, 6, 6], [3, 3, 3, 2, 3, 2], [4, 4, 3, 3, 4, 4], [1, 2, 2, 2, 2, 2], [1, 1, 0, 1, 1, 1]]",97526.5
"[[6, 6, 5, 6, 6, 4], [3, 3, 3, 3, 2, 2], [4, 3, 4, 4, 4, 3], [2, 2, 2, 2, 2, 1], [1, 1, 0, 1, 1, 1]]",99207.0
"[[5, 6, 6, 5, 6, 5], [3, 3, 3, 2, 3, 2], [3, 4, 4, 3, 4, 4], [2, 2, 2, 1, 2, 2], [1, 1, 0, 1, 1, 1]]",98810.5
"[[6, 5, 6, 5, 6, 5], [3, 3, 3, 3, 2, 2], [4, 3, 4, 3, 4, 4], [2, 2, 1, 2, 2, 2], [0, 1, 1, 1, 1, 1]]",101922.5
"[[5, 6, 6, 5, 6, 5], [3, 3, 2, 3, 3, 2], [4, 3, 4, 3, 4, 4], [2, 2, 2, 1, 2, 2], [0, 1, 1, 1, 1, 1]]",102032.0
"[[5, 6, 5, 5, 6, 6], [1, 3, 3, 3, 3, 3], [4, 4, 2, 4, 4, 4], [2, 2, 2, 2, 2, 1], [1, 0, 1, 1, 1, 1]]",99899.5
"[[5, 6, 6, 6, 5, 5], [3, 3, 3, 2, 3, 2], [4, 3, 4, 4, 4, 3], [2, 2, 2, 2, 1, 2], [1, 0, 1, 1, 1, 1]]",100399.0
"[[5, 6, 5, 6, 6, 5], [3, 3, 3, 3, 1, 3], [3, 4, 4, 3, 4, 4], [2, 2, 1, 2, 2, 2], [0, 1, 1, 1, 1, 1]]",100685.0
"[[6, 6, 6, 4, 5, 6], [2, 3, 3, 2, 3, 3], [4, 4, 4, 4, 4, 2], [2, 2, 2, 2, 2, 1], [1, 1, 1, 0, 1, 1]]",105000.5
"[[5, 6, 5, 5, 6, 6], [2, 3, 2, 3, 3, 3], [4, 2, 4, 4, 4, 4], [2, 2, 2, 2, 2, 1], [1, 1, 1, 0, 1, 1]]",100254.5
"[[5, 6, 6, 6, 5, 5], [3, 2, 2, 3, 3, 3], [4, 4, 4, 3, 4, 3], [2, 1, 2, 2, 2, 2], [1, 1, 1, 1, 1, 0]]",96837.0
"[[5, 4, 6, 6, 6, 6], [3, 3, 2, 2, 3, 3], [3, 4, 4, 4, 3, 4], [2, 2, 2, 1, 2, 2], [1, 1, 1, 1, 0, 1]]",92196.5
"[[5, 6, 5, 5, 6, 6], [3, 3, 3, 3, 2, 2], [4, 4, 4, 3, 4, 3], [2, 2, 2, 2, 1, 2], [1, 1, 1, 1, 1, 0]]",95550.0
"[[5, 6, 6, 6, 5, 5], [2, 3, 2, 3, 3, 3], [3, 4, 4, 3, 4, 4], [1, 2, 2, 2, 2, 2], [1, 1, 1, 1, 1, 0]]",96837.0
"[[5, 6, 5, 5, 6, 6], [3, 3, 3, 3, 3, 1], [4, 4, 3, 4, 3, 4], [1, 2, 2, 2, 2, 2], [1, 1, 1, 1, 1, 0]]",95526.5
"[[6, 6, 6, 4, 6, 5], [3, 3, 1, 3, 3, 3], [4, 4, 4, 4, 4, 2], [2, 2, 2, 1, 2, 2], [0, 1, 1, 1, 1, 1]]",103787.0
"[[4, 6, 6, 6, 5, 6], [3, 1, 3, 3, 3, 3], [4, 3, 4, 4, 3, 4], [2, 2, 1, 2, 2, 2], [1, 1, 0, 1, 1, 1]]",97459.0
"[[5, 6, 5, 6, 6, 5], [2, 2, 3, 3, 3, 3], [4, 4, 3, 4, 3, 4], [2, 2, 2, 2, 2, 1], [1, 1, 1, 1, 0, 1]]",95464.5
"[[6, 5, 6, 6, 4, 6], [3, 3, 3, 1, 3, 3], [4, 4, 3, 4, 3, 4], [2, 2, 2, 2, 1, 2], [0, 1, 1, 1, 1, 1]]",99333.0
"[[5, 5, 5, 6, 6, 6], [2, 3, 2, 3, 3, 3], [4, 4, 3, 4, 4, 3], [2, 2, 1, 2, 2, 2], [0, 1, 1, 1, 1, 1]]",99693.5
"[[6, 6, 6, 6, 5, 4], [3, 3, 3, 2, 3, 2], [4, 3, 4, 4, 4, 3], [2, 1, 2, 2, 2, 2], [0, 1, 1, 1, 1, 1]]",100794.5
"[[5, 6, 6, 5, 5, 6], [3, 2, 3, 3, 2, 3], [3, 4, 3, 4, 4, 4], [1, 2, 2, 2, 2, 2], [0, 1, 1, 1, 1, 1]]",103218.0
"[[6, 6, 6, 5, 5, 5], [2, 3, 3, 2, 3, 3], [4, 4, 3, 4, 4, 3], [2, 2, 2, 2, 2, 1], [1, 1, 0, 1, 1, 1]]",100960.0
"[[6, 6, 6, 5, 5, 5], [3, 3, 3, 3, 3, 1], [3, 4, 4, 4, 3, 4], [2, 2, 2, 2, 1, 2], [1, 1, 1, 0, 1, 1]]",101897.0
"[[6, 6, 6, 5, 5, 5], [3, 2, 3, 3, 2, 3], [4, 4, 4, 4, 4, 2], [2, 2, 2, 2, 1, 2], [1, 1, 1, 0, 1, 1]]",103765.0
"[[6, 6, 5, 6, 5, 5], [3, 3, 2, 3, 3, 2], [4, 4, 3, 4, 4, 3], [2, 2, 2, 2, 1, 2], [1, 1, 0, 1, 1, 1]]",101645.0
"[[6, 6, 5, 5, 6, 5], [3, 3, 2, 2, 3, 3], [4, 4, 4, 3, 3, 4], [2, 1, 2, 2, 2, 2], [1, 0, 1, 1, 1, 1]]",102920.5
"[[5, 5, 6, 6, 5, 6], [3, 3, 2, 3, 3, 2], [4, 3, 4, 4, 4, 3], [2, 1, 2, 2, 2, 2], [1, 0, 1, 1, 1, 1]]",102287.5
"[[6, 6, 5, 5, 6, 5], [2, 3, 3, 3, 2, 3], [4, 3, 3, 4, 4, 4], [2, 2, 2, 2, 2, 1], [1, 0, 1, 1, 1, 1]]",103765.5
"[[5, 4, 6, 6, 6, 6], [3, 3, 2, 3, 3, 2], [3, 3, 4, 4, 4, 4], [2, 2, 1, 2, 2, 2], [0, 1, 1, 1, 1, 1]]",98413.5
"[[5, 6, 6, 5, 5, 6], [3, 1, 3, 3, 3, 3], [3, 3, 4, 4, 4, 4], [2, 2, 1, 2, 2, 2], [1, 1, 0, 1, 1, 1]]",100326.5
"[[6, 5, 6, 6, 6, 4], [3, 3, 1, 3, 3, 3], [3, 4, 4, 3, 4, 4], [1, 2, 2, 2, 2, 2], [1, 1, 1, 1, 0, 1]]",93991.0
"[[6, 6, 5, 4, 6, 6], [3, 3, 2, 3, 3, 2], [4, 4, 3, 4, 3, 4], [1, 2, 2, 2, 2, 2], [1, 1, 1, 1, 1, 0]]",96448.5
"[[4, 5, 6, 6, 6, 6], [3, 1, 3, 3, 3, 3], [4, 3, 4, 3, 4, 4], [2, 2, 2, 2, 2, 1], [1, 1, 0, 1, 1, 1]]",95333.0
"[[5, 5, 5, 6, 6, 6], [3, 3, 2, 2, 3, 3], [4, 3, 4, 3, 4, 4], [2, 2, 1, 2, 2, 2], [1, 1, 1, 1, 1, 0]]",92083.5
"[[6, 6, 5, 5, 6, 5], [3, 2, 3, 3, 2, 3], [4, 3, 4, 4, 4, 3], [2, 2, 2, 2, 2, 1], [1, 1, 1, 1, 1, 0]]",97812.0
"[[6, 5, 6, 4, 6, 6], [3, 3, 2, 2, 3, 3], [4, 3, 4, 4, 3, 4], [1, 2, 2, 2, 2, 2], [1, 1, 1, 1, 0, 1]]",96704.5
"[[6, 6, 6, 5, 6, 4], [3, 3, 2, 3, 3, 2], [3, 4, 4, 4, 3, 4], [2, 2, 2, 2, 1, 2], [1, 1, 1, 1, 0, 1]]",96229.0
"[[6, 6, 5, 5, 5, 6], [3, 3, 2, 2, 3, 3], [4, 3, 3, 4, 4, 4], [2, 2, 2, 2, 1, 2], [1, 1, 0, 1, 1, 1]]",102203.5
"[[5, 6, 6, 6, 4, 6], [3, 3, 2, 2, 3, 3], [4, 4, 3, 3, 4, 4], [1, 2, 2, 2, 2, 2], [1, 1, 1, 1, 0, 1]]",97069.5
"[[4, 6, 6, 6, 6, 5], [1, 3, 3, 3, 3, 3], [3, 4, 4, 4, 4, 3], [2, 2, 2, 1, 2, 2], [0, 1, 1, 1, 1, 1]]",99811.5
"[[5, 6, 5, 6, 6, 5], [2, 3, 3, 3, 3, 2], [4, 4, 3, 3, 4, 4], [1, 2, 2, 2, 2, 2], [1, 1, 1, 1, 1, 0]]",95550.0
"[[5, 5, 6, 5, 6, 6], [3, 2, 3, 3, 3, 2], [4, 3, 4, 4, 4, 3], [1, 2, 2, 2, 2, 2], [1, 1, 1, 1, 1, 0]]",94573.0
"[[6, 5, 6, 5, 5, 6], [3, 2, 2, 3, 3, 3], [3, 4, 4, 4, 4, 3], [2, 2, 2, 2, 1, 2], [1, 1, 1, 1, 0, 1]]",98642.0
"[[5, 5, 6, 6, 6, 5], [3, 2, 2, 3, 3, 3], [4, 4, 3, 4, 3, 4], [2, 2, 2, 1, 2, 2], [1, 1, 1, 1, 0, 1]]",94487.5
"[[6, 6, 5, 5, 5, 6], [3, 2, 3, 2, 3, 3], [3, 4, 4, 4, 3, 4], [2, 2, 2, 2, 1, 2], [1, 1, 0, 1, 1, 1]]",102255.0
"[[6, 6, 6, 5, 5, 5], [3, 2, 3, 2, 3, 3], [4, 4, 3, 4, 3, 4], [2, 2, 2, 2, 1, 2], [1, 1, 1, 0, 1, 1]]",103738.5
"[[5, 6, 6, 6, 5, 5], [3, 1, 3, 3, 3, 3], [4, 3, 3, 4, 4, 4], [2, 2, 2, 1, 2, 2], [1, 1, 1, 0, 1, 1]]",101184.0
"[[6, 6, 6, 6, 4, 5], [1, 3, 3, 3, 3, 3], [4, 4, 3, 4, 4, 3], [1, 2, 2, 2, 2, 2], [1, 1, 1, 0, 1, 1]]",100745.5
"[[6, 5, 6, 5, 6, 5], [3, 1, 3, 3, 3, 3], [4, 3, 4, 4, 4, 3], [2, 2, 2, 1, 2, 2], [1, 1, 1, 1, 0, 1]]",96593.0
"[[5, 6, 6, 6, 5, 5], [2, 3, 3, 3, 2, 3], [4, 3, 4, 4, 3, 4], [1, 2, 2, 2, 2, 2], [1, 1, 1, 1, 1, 0]]",96837.0
"[[5, 6, 5, 6, 6, 5], [2, 2, 3, 3, 3, 3], [4, 2, 4, 4, 4, 4], [1, 2, 2, 2, 2, 2], [1, 1, 1, 1, 0, 1]]",95211.5
"[[5, 5, 6, 6, 6, 5], [2, 3, 2, 3, 3, 3], [4, 4, 4, 4, 2, 4], [2, 2, 2, 1, 2, 2], [0, 1, 1, 1, 1, 1]]",99771.5
"[[6, 6, 4, 6, 5, 6], [3, 3, 3, 2, 3, 2], [4, 4, 3, 3, 4, 4], [2, 1, 2, 2, 2, 2], [1, 0, 1, 1, 1, 1]]",101993.0
"[[6, 5, 5, 6, 6, 5], [3, 2, 3, 3, 3, 2], [3, 4, 3, 4, 4, 4], [2, 2, 2, 1, 2, 2], [1, 1, 0, 1, 1, 1]]",99445.0
"[[6, 5, 6, 6, 5, 5], [2, 3, 3, 2, 3, 3], [3, 4, 4, 4, 4, 3], [1, 2, 2, 2, 2, 2], [1, 1, 1, 0, 1, 1]]",101501.0
"[[5, 6, 6, 6, 5, 5], [3, 3, 2, 2, 3, 3], [4, 4, 4, 3, 4, 3], [2, 1, 2, 2, 2, 2], [0, 1, 1, 1, 1, 1]]",101171.5
"[[6, 6, 6, 3, 6, 6], [3, 3, 3, 2, 3, 2], [3, 4, 4, 4, 3, 4], [1, 2, 2, 2, 2, 2], [1, 1, 1, 0, 1, 1]]",104225.5
"[[6, 6, 6, 5, 6, 4], [3, 3, 3, 2, 2, 3], [4, 4, 3, 4, 3, 4], [2, 2, 2, 2, 1, 2], [0, 1, 1, 1, 1, 1]]",100953.5
"[[6, 6, 5, 5, 6, 5], [3, 3, 2, 2, 3, 3], [3, 4, 4, 4, 4, 3], [2, 2, 2, 2, 1, 2], [1, 1, 1, 1, 0, 1]]",95675.0
"[[5, 5, 6, 6, 6, 5], [3, 3, 3, 2, 2, 3], [4, 4, 4, 3, 4, 3], [1, 2, 2, 2, 2, 2], [1, 1, 1, 1, 1, 0]]",93827.5
"[[5, 6, 6, 6, 6, 4], [3, 3, 3, 1, 3, 3], [3, 4, 4, 4, 4, 3], [2, 2, 2, 2, 2, 1], [0, 1, 1, 1, 1, 1]]",96159.5
"[[5, 6, 5, 5, 6, 6], [3, 2, 3, 3, 3, 2], [4, 4, 4, 4, 3, 3], [2, 1, 2, 2, 2, 2], [1, 0, 1, 1, 1, 1]]",102238.5
"[[5, 6, 6, 6, 4, 6], [3, 2, 3, 2, 3, 3], [4, 3, 4, 4, 4, 3], [1, 2, 2, 2, 2, 2], [1, 1, 0, 1, 1, 1]]",99518.0
"[[6, 4, 6, 6, 5, 6], [3, 3, 3, 1, 3, 3], [2, 4, 4, 4, 4, 4], [2, 2, 2, 1, 2, 2], [1, 1, 0, 1, 1, 1]]",94261.5
"[[6, 5, 6, 5, 5, 6], [3, 3, 2, 2, 3, 3], [4, 3, 4, 3, 4, 4], [2, 2, 2, 2, 1, 2], [1, 1, 1, 0, 1, 1]]",102743.5
"[[5, 6, 5, 6, 5, 6], [3, 3, 3, 3, 1, 3], [3, 4, 4, 4, 4, 3], [2, 2, 2, 2, 2, 1], [1, 1, 1, 0, 1, 1]]",100432.5
"[[6, 6, 5, 5, 6, 5], [3, 1, 3, 3, 3, 3], [3, 4, 4, 3, 4, 4], [2, 2, 1, 2, 2, 2], [1, 0, 1, 1, 1, 1]]",103087.0
"[[6, 5, 6, 6, 6, 4], [3, 3, 3, 3, 3, 1], [4, 3, 4, 4, 4, 3], [2, 2, 2, 2, 2, 1], [0, 1, 1, 1, 1, 1]]",98209.0
"[[6, 6, 5, 6, 6, 4], [2, 3, 3, 3, 2, 3], [4, 4, 3, 3, 4, 4], [2, 2, 2, 1, 2, 2], [1, 1, 1, 0, 1, 1]]",99044.5
"[[4, 6, 6, 6, 6, 5], [2, 3, 3, 3, 2, 3], [4, 3, 4, 4, 4, 3], [2, 2, 2, 1, 2, 2], [0, 1, 1, 1, 1, 1]]",99811.5
"[[6, 5, 6, 6, 5, 5], [2, 3, 3, 2, 3, 3], [4, 4, 4, 4, 2, 4], [2, 1, 2, 2, 2, 2], [1, 0, 1, 1, 1, 1]]",102992.0
"[[5, 6, 6, 5, 5, 6], [3, 3, 2, 3, 3, 2], [4, 4, 4, 2, 4, 4], [2, 2, 1, 2, 2, 2], [0, 1, 1, 1, 1, 1]]",103080.0
"[[6, 5, 5, 5, 6, 6], [3, 2, 3, 3, 3, 2], [4, 3, 4, 4, 3, 4], [1, 2, 2, 2, 2, 2], [0, 1, 1, 1, 1, 1]]",101710.0
"[[6, 6, 5, 4, 6, 6], [3, 2, 3, 3, 3, 2], [4, 4, 3, 4, 4, 3], [2, 2, 2, 2, 2, 1], [1, 1, 1, 1, 0, 1]]",96547.5
"[[6, 6, 6, 5, 5, 5], [2, 2, 3, 3, 3, 3], [4, 4, 4, 4, 3, 3], [2, 1, 2, 2, 2, 2], [0, 1, 1, 1, 1, 1]]",104086.0
"[[6, 6, 6, 6, 5, 4], [3, 3, 3, 2, 2, 3], [4, 4, 3, 4, 3, 4], [2, 1, 2, 2, 2, 2], [1, 1, 1, 1, 1, 0]]",98353.0
"[[5, 6, 6, 5, 6, 5], [3, 2, 3, 2, 3, 3], [4, 3, 3, 4, 4, 4], [2, 2, 1, 2, 2, 2], [0, 1, 1, 1, 1, 1]]",101330.0
"[[6, 6, 5, 6, 5, 5], [2, 3, 3, 3, 2, 3], [4, 4, 4, 3, 3, 4], [2, 1, 2, 2, 2, 2], [0, 1, 1, 1, 1, 1]]",102842.0
"[[6, 6, 4, 6, 5, 6], [3, 3, 3, 3, 3, 1], [4, 4, 4, 4, 3, 3], [2, 1, 2, 2, 2, 2], [0, 1, 1, 1, 1, 1]]",99046.5
"[[6, 6, 3, 6, 6, 6], [3, 3, 3, 2, 3, 2], [3, 4, 4, 3, 4, 4], [1, 2, 2, 2, 2, 2], [0, 1, 1, 1, 1, 1]]",98144.0
"[[6, 5, 6, 5, 5, 6], [3, 3, 3, 2, 3, 2], [3, 4, 3, 4, 4, 4], [2, 1, 2, 2, 2, 2], [1, 1, 1, 0, 1, 1]]",102579.0
"[[5, 5, 6, 6, 5, 6], [3, 2, 2, 3, 3, 3], [4, 4, 3, 4, 4, 3], [2, 2, 2, 1, 2, 2], [1, 1, 0, 1, 1, 1]]",98310.5
"[[6, 5, 6, 6, 4, 6], [2, 3, 2, 3, 3, 3], [4, 4, 2, 4, 4, 4], [2, 2, 2, 2, 2, 1], [1, 1, 0, 1, 1, 1]]",100481.5
"[[5, 6, 5, 6, 6, 5], [3, 2, 2, 3, 3, 3], [4, 4, 3, 4, 3, 4], [2, 2, 1, 2, 2, 2], [1, 1, 1, 0, 1, 1]]",99313.5
"[[6, 6, 5, 6, 4, 6], [3, 2, 3, 2, 3, 3], [3, 4, 4, 3, 4, 4], [2, 1, 2, 2, 2, 2], [1, 0, 1, 1, 1, 1]]",103578.0
"[[5, 6, 5, 6, 6, 5], [3, 3, 1, 3, 3, 3], [4, 3, 4, 3, 4, 4], [2, 2, 1, 2, 2, 2], [1, 1, 1, 1, 0, 1]]",95464.5
"[[6, 6, 5, 5, 6, 5], [3, 3, 2, 3, 2, 3], [4, 3, 4, 4, 3, 4], [2, 2, 2, 1, 2, 2], [1, 1, 1, 1, 0, 1]]",97293.5
"[[6, 6, 4, 5, 6, 6], [3, 3, 2, 2, 3, 3], [3, 3, 4, 4, 4, 4], [2, 2, 2, 2, 1, 2], [1, 1, 1, 1, 1, 0]]",94345.5
"[[4, 6, 5, 6, 6, 6], [3, 3, 3, 2, 2, 3], [4, 3, 4, 3, 4, 4], [2, 2, 1, 2, 2, 2], [0, 1, 1, 1, 1, 1]]",98490.5
"[[4, 6, 6, 6, 5, 6], [3, 2, 3, 3, 2, 3], [3, 3, 4, 4, 4, 4], [2, 2, 2, 2, 1, 2], [1, 1, 1, 1, 1, 0]]",93969.0
"[[5, 5, 5, 6, 6, 6], [2, 3, 3, 2, 3, 3], [4, 3, 3, 4, 4, 4], [2, 2, 2, 2, 2, 1], [1, 1, 0, 1, 1, 1]]",97654.5
"[[4, 6, 6, 5, 6, 6], [3, 2, 3, 2, 3, 3], [4, 4, 3, 4, 4, 3], [2, 2, 1, 2, 2, 2], [1, 1, 1, 0, 1, 1]]",99876.0
"[[5, 6, 6, 6, 5, 5], [3, 3, 2, 3, 2, 3], [4, 4, 4, 4, 4, 2], [2, 2, 1, 2, 2, 2], [1, 1, 0, 1, 1, 1]]",99426.0
"[[6, 6, 5, 6, 6, 4], [2, 3, 3, 3, 2, 3], [4, 4, 3, 4, 3, 4], [2, 2, 2, 2, 2, 1], [0, 1, 1, 1, 1, 1]]",100412.0
"[[5, 6, 6, 6, 6, 4], [3, 3, 3, 3, 2, 2], [4, 3, 4, 4, 3, 4], [2, 2, 1, 2, 2, 2], [0, 1, 1, 1, 1, 1]]",99545.5
"[[6, 5, 5, 6, 5, 6], [3, 3, 3, 3, 2, 2], [3, 4, 3, 4, 4, 4], [2, 2, 1, 2, 2, 2], [1, 1, 1, 1, 0, 1]]",96401.0
"[[5, 6, 6, 5, 5, 6], [3, 3, 3, 3, 2, 2], [4, 3, 4, 3, 4, 4], [2, 2, 2, 1, 2, 2], [1, 1, 1, 1, 1, 0]]",96837.0
"[[5, 6, 6, 5, 5, 6], [2, 3, 2, 3, 3, 3], [4, 4, 4, 4, 2, 4], [2, 2, 2, 2, 1, 2], [1, 1, 1, 0, 1, 1]]",102744.0
"[[6, 6, 6, 5, 6, 4], [2, 2, 3, 3, 3, 3], [3, 4, 3, 4, 4, 4], [2, 2, 2, 2, 1, 2], [1, 0, 1, 1, 1, 1]]",101216.0
"[[5, 6, 6, 5, 5, 6], [3, 3, 3, 1, 3, 3], [4, 4, 4, 3, 3, 4], [2, 2, 2, 2, 2, 1], [1, 1, 1, 0, 1, 1]]",102466.5
"[[6, 6, 6, 4, 6, 5], [2, 3, 3, 3, 2, 3], [3, 4, 4, 4, 4, 3], [2, 2, 2, 2, 2, 1], [1, 1, 1, 0, 1, 1]]",103865.0
"[[6, 6, 5, 6, 5, 5], [3, 2, 2, 3, 3, 3], [3, 4, 4, 3, 4, 4], [1, 2, 2, 2, 2, 2], [0, 1, 1, 1, 1, 1]]",102842.0
"[[6, 5, 6, 4, 6, 6], [2, 2, 3, 3, 3, 3], [4, 3, 4, 3, 4, 4], [2, 2, 2, 2, 1, 2], [1, 1, 0, 1, 1, 1]]",100562.0
"[[5, 6, 6, 5, 6, 5], [2, 3, 3, 3, 2, 3], [3, 3, 4, 4, 4, 4], [2, 1, 2, 2, 2, 2], [1, 0, 1, 1, 1, 1]]",101283.0
"[[6, 5, 5, 5, 6, 6], [3, 3, 3, 2, 3, 2], [4, 4, 3, 3, 4, 4], [2, 2, 2, 2, 2, 1], [1, 1, 0, 1, 1, 1]]",99847.0
"[[6, 5, 6, 5, 6, 5], [3, 3, 1, 3, 3, 3], [3, 4, 4, 4, 4, 3], [2, 2, 2, 2, 2, 1], [1, 1, 0, 1, 1, 1]]",99488.5
"[[6, 6, 4, 6, 6, 5], [2, 3, 3, 3, 3, 2], [2, 4, 4, 4, 4, 4], [2, 2, 2, 2, 1, 2], [1, 1, 1, 1, 0, 1]]",94990.5
"[[5, 5, 5, 6, 6, 6], [3, 3, 3, 3, 3, 1], [4, 4, 3, 4, 3, 4], [2, 2, 2, 1, 2, 2], [1, 1, 0, 1, 1, 1]]",95561.5
"[[6, 4, 6, 6, 5, 6], [3, 3, 3, 3, 1, 3], [4, 3, 3, 4, 4, 4], [2, 2, 2, 2, 1, 2], [1, 1, 1, 1, 0, 1]]",96290.5
"[[6, 6, 4, 5, 6, 6], [3, 3, 2, 2, 3, 3], [4, 3, 3, 4, 4, 4], [1, 2, 2, 2, 2, 2], [1, 0, 1, 1, 1, 1]]",102161.0
"[[6, 5, 6, 6, 4, 6], [3, 3, 3, 3, 2, 2], [4, 4, 4, 3, 3, 4], [2, 2, 2, 2, 1, 2], [1, 1, 1, 0, 1, 1]]",101905.0
"[[5, 5, 6, 6, 6, 5], [3, 2, 3, 2, 3, 3], [3, 4, 4, 3, 4, 4], [2, 2, 2, 2, 2, 1], [1, 1, 1, 1, 1, 0]]",93827.5
"[[5, 6, 6, 5, 5, 6], [2, 3, 3, 3, 2, 3], [3, 4, 4, 4, 4, 3], [2, 2, 1, 2, 2, 2], [0, 1, 1, 1, 1, 1]]",103218.0
"[[4, 6, 6, 6, 6, 5], [3, 3, 3, 2, 2, 3], [4, 3, 3, 4, 4, 4], [2, 2, 1, 2, 2, 2], [1, 0, 1, 1, 1, 1]]",97692.5
"[[6, 5, 5, 5, 6, 6], [2, 3, 3, 2, 3, 3], [3, 3, 4, 4, 4, 4], [2, 2, 1, 2, 2, 2], [0, 1, 1, 1, 1, 1]]",100642.5
"[[6, 5, 5, 6, 6, 5], [3, 3, 3, 3, 1, 3], [4, 4, 3, 3, 4, 4], [1, 2, 2, 2, 2, 2], [0, 1, 1, 1, 1, 1]]",100575.5
"[[6, 6, 5, 5, 5, 6], [3, 3, 2, 3, 2, 3], [4, 4, 3, 3, 4, 4], [2, 2, 2, 1, 2, 2], [1, 1, 1, 0, 1, 1]]",102717.0
"[[6, 6, 4, 6, 6, 5], [3, 3, 2, 3, 3, 2], [4, 3, 4, 3, 4, 4], [2, 2, 2, 2, 1, 2], [1, 1, 0, 1, 1, 1]]",101693.5
"[[5, 5, 6, 5, 6, 6], [3, 2, 3, 3, 3, 2], [4, 4, 3, 3, 4, 4], [2, 2, 2, 2, 2, 1], [1, 1, 0, 1, 1, 1]]",98198.5
"[[5, 6, 5, 5, 6, 6], [2, 3, 3, 3, 3, 2], [4, 4, 3, 3, 4, 4], [2, 2, 1, 2, 2, 2], [1, 1, 1, 1, 0, 1]]",96401.5
"[[6, 4, 5, 6, 6, 6], [3, 2, 3, 3, 3, 2], [4, 3, 3, 4, 4, 4], [2, 2, 2, 1, 2, 2], [1, 1, 0, 1, 1, 1]]",98038.5
"[[6, 5, 6, 5, 5, 6], [3, 3, 3, 2, 3, 2], [4, 3, 3, 4, 4, 4], [2, 2, 2, 2, 1, 2], [1, 1, 1, 1, 1, 0]]",96091.0
"[[4, 6, 5, 6, 6, 6], [3, 3, 3, 2, 2, 3], [4, 4, 3, 4, 3, 4], [2, 2, 2, 1, 2, 2], [1, 1, 1, 0, 1, 1]]",97614.0
"[[5, 6, 6, 6, 5, 5], [3, 2, 2, 3, 3, 3], [3, 4, 4, 4, 4, 3], [2, 2, 1, 2, 2, 2], [1, 0, 1, 1, 1, 1]]",101183.0
"[[6, 6, 5, 5, 6, 5], [2, 3, 3, 3, 2, 3], [4, 3, 4, 3, 4, 4], [2, 2, 2, 2, 1, 2], [1, 1, 0, 1, 1, 1]]",101737.0
"[[5, 6, 6, 5, 6, 5], [3, 3, 3, 1, 3, 3], [4, 3, 3, 4, 4, 4], [1, 2, 2, 2, 2, 2], [1, 0, 1, 1, 1, 1]]",97961.0
"[[6, 6, 6, 6, 3, 6], [3, 1, 3, 3, 3, 3], [4, 4, 4, 3, 4, 3], [2, 2, 2, 2, 2, 1], [1, 1, 1, 0, 1, 1]]",101614.5
"[[6, 5, 5, 6, 5, 6], [3, 3, 2, 3, 2, 3], [3, 4, 3, 4, 4, 4], [2, 2, 1, 2, 2, 2], [1, 1, 1, 0, 1, 1]]",100455.5
"[[5, 5, 6, 5, 6, 6], [3, 3, 2, 2, 3, 3], [4, 4, 3, 4, 3, 4], [2, 2, 2, 2, 2, 1], [0, 1, 1, 1, 1, 1]]",100234.5
"[[6, 6, 6, 6, 4, 5], [3, 2, 3, 3, 3, 2], [4, 4, 4, 3, 4, 3], [2, 2, 2, 2, 2, 1], [1, 1, 1, 0, 1, 1]]",101919.0
"[[5, 6, 6, 5, 5, 6], [1, 3, 3, 3, 3, 3], [4, 3, 3, 4, 4, 4], [2, 2, 2, 2, 2, 1], [1, 1, 1, 0, 1, 1]]",101754.5
"[[6, 5, 6, 6, 5, 5], [3, 1, 3, 3, 3, 3], [4, 4, 4, 4, 2, 4], [2, 2, 2, 1, 2, 2], [1, 0, 1, 1, 1, 1]]",103387.5
"[[6, 6, 6, 5, 6, 4], [3, 2, 3, 3, 3, 2], [4, 4, 4, 2, 4, 4], [2, 2, 2, 1, 2, 2], [0, 1, 1, 1, 1, 1]]",101699.0
"[[5, 5, 6, 6, 5, 6], [3, 3, 3, 2, 2, 3], [3, 4, 4, 3, 4, 4], [2, 2, 2, 2, 1, 2], [1, 1, 1, 1, 1, 0]]",93827.5
"[[5, 6, 5, 6, 6, 5], [2, 3, 3, 3, 2, 3], [3, 4, 3, 4, 4, 4], [2, 1, 2, 2, 2, 2], [0, 1, 1, 1, 1, 1]]",100789.0
"[[6, 5, 6, 6, 5, 5], [3, 3, 1, 3, 3, 3], [4, 4, 4, 2, 4, 4], [2, 2, 2, 2, 2, 1], [1, 1, 1, 1, 1, 0]]",96836.5
"[[5, 5, 6, 6, 6, 5], [3, 2, 3, 2, 3, 3], [4, 4, 4, 4, 2, 4], [2, 1, 2, 2, 2, 2], [1, 1, 0, 1, 1, 1]]",96456.0
"[[6, 5, 5, 6, 5, 6], [3, 2, 3, 3, 2, 3], [4, 3, 4, 4, 4, 3], [2, 2, 1, 2, 2, 2], [1, 1, 1, 0, 1, 1]]",100482.0
"[[5, 6, 5, 6, 5, 6], [2, 3, 2, 3, 3, 3], [4, 4, 4, 4, 3, 3], [1, 2, 2, 2, 2, 2], [1, 1, 1, 0, 1, 1]]",100482.5
"[[6, 6, 6, 4, 5, 6], [3, 2, 3, 3, 3, 2], [4, 4, 4, 4, 3, 3], [2, 1, 2, 2, 2, 2], [1, 1, 0, 1, 1, 1]]",102679.5
"[[5, 6, 5, 6, 6, 5], [1, 3, 3, 3, 3, 3], [4, 3, 4, 4, 3, 4], [2, 2, 1, 2, 2, 2], [0, 1, 1, 1, 1, 1]]",100789.0
"[[6, 4, 5, 6, 6, 6], [3, 3, 3, 3, 3, 1], [4, 3, 4, 3, 4, 4], [2, 2, 1, 2, 2, 2], [0, 1, 1, 1, 1, 1]]",96720.0
"[[4, 6, 6, 6, 6, 5], [2, 2, 3, 3, 3, 3], [4, 3, 3, 4, 4, 4], [2, 2, 2, 2, 2, 1], [1, 1, 0, 1, 1, 1]]",96569.0
"[[5, 5, 6, 6, 6, 5], [3, 3, 3, 3, 2, 2], [4, 3, 4, 4, 4, 3], [2, 1, 2, 2, 2, 2], [1, 1, 1, 1, 0, 1]]",94294.5
"[[5, 6, 6, 6, 4, 6], [2, 3, 3, 3, 2, 3], [3, 3, 4, 4, 4, 4], [2, 1, 2, 2, 2, 2], [1, 1, 0, 1, 1, 1]]",100430.0
"[[5, 5, 5, 6, 6, 6], [3, 2, 3, 3, 3, 2], [4, 4, 4, 4, 3, 3], [2, 2, 2, 1, 2, 2], [1, 1, 1, 0, 1, 1]]",98106.5
"[[6, 4, 6, 6, 6, 5], [3, 2, 3, 2, 3, 3], [3, 4, 4, 3, 4, 4], [2, 2, 1, 2, 2, 2], [1, 1, 0, 1, 1, 1]]",96316.0
"[[5, 5, 6, 6, 5, 6], [3, 3, 3, 2, 3, 2], [4, 4, 3, 3, 4, 4], [2, 2, 2, 2, 2, 1], [1, 1, 1, 1, 1, 0]]",93827.5
"[[5, 6, 6, 4, 6, 6], [3, 2, 3, 2, 3, 3], [3, 3, 4, 4, 4, 4], [1, 2, 2, 2, 2, 2], [1, 1, 1, 0, 1, 1]]",102770.0
"[[6, 6, 6, 5, 6, 4], [2, 3, 3, 3, 2, 3], [4, 4, 4, 3, 4, 3], [2, 2, 2, 2, 2, 1], [0, 1, 1, 1, 1, 1]]",101699.0
"[[6, 6, 5, 5, 5, 6], [3, 3, 2, 3, 3, 2], [3, 4, 4, 3, 4, 4], [1, 2, 2, 2, 2, 2], [0, 1, 1, 1, 1, 1]]",103946.5
"[[5, 5, 6, 5, 6, 6], [1, 3, 3, 3, 3, 3], [4, 4, 4, 3, 3, 4], [2, 2, 2, 1, 2, 2], [1, 0, 1, 1, 1, 1]]",100788.5
"[[6, 6, 6, 6, 6, 3], [2, 3, 2, 3, 3, 3], [3, 4, 4, 4, 3, 4], [2, 2, 2, 2, 2, 1], [1, 1, 0, 1, 1, 1]]",96325.5
"[[5, 5, 6, 6, 6, 5], [2, 3, 3, 2, 3, 3], [4, 4, 3, 4, 3, 4], [1, 2, 2, 2, 2, 2], [1, 1, 1, 1, 0, 1]]",92910.5
"[[5, 5, 6, 6, 6, 5], [3, 3, 3, 3, 3, 1], [3, 4, 4, 4, 3, 4], [1, 2, 2, 2, 2, 2], [1, 1, 1, 0, 1, 1]]",97472.0
"[[6, 5, 5, 5, 6, 6], [3, 2, 3, 2, 3, 3], [4, 4, 4, 2, 4, 4], [2, 1, 2, 2, 2, 2], [1, 0, 1, 1, 1, 1]]",103367.0
"[[6, 6, 6, 4, 5, 6], [3, 3, 3, 2, 3, 2], [3, 4, 3, 4, 4, 4], [2, 2, 1, 2, 2, 2], [1, 1, 1, 1, 0, 1]]",98179.5
"[[5, 5, 6, 5, 6, 6], [3, 2, 3, 2, 3, 3], [4, 3, 3, 4, 4, 4], [2, 1, 2, 2, 2, 2], [1, 1, 1, 1, 1, 0]]",93827.5
"[[5, 6, 6, 5, 6, 5], [2, 3, 3, 3, 2, 3], [4, 4, 3, 4, 3, 4], [2, 1, 2, 2, 2, 2], [1, 1, 1, 1, 0, 1]]",96727.5
"[[5, 6, 6, 6, 5, 5], [2, 3, 3, 3, 3, 2], [4, 4, 4, 4, 4, 2], [1, 2, 2, 2, 2, 2], [1, 0, 1, 1, 1, 1]]",101139.5
"[[6, 5, 6, 6, 6, 4], [3, 2, 3, 2, 3, 3], [4, 3, 4, 3, 4, 4], [2, 2, 1, 2, 2, 2], [1, 0, 1, 1, 1, 1]]",100620.5
"[[6, 6, 5, 5, 5, 6], [1, 3, 3, 3, 3, 3], [4, 4, 4, 3, 3, 4], [2, 1, 2, 2, 2, 2], [1, 1, 1, 1, 0, 1]]",98351.0
"[[5, 5, 6, 6, 5, 6], [3, 3, 3, 3, 2, 2], [4, 2, 4, 4, 4, 4], [1, 2, 2, 2, 2, 2], [1, 1, 1, 0, 1, 1]]",100088.5
"[[6, 5, 6, 6, 5, 5], [3, 2, 2, 3, 3, 3], [4, 4, 3, 4, 3, 4], [2, 2, 2, 1, 2, 2], [1, 1, 1, 1, 0, 1]]",96751.0
"[[6, 5, 5, 5, 6, 6], [1, 3, 3, 3, 3, 3], [3, 4, 4, 4, 3, 4], [2, 2, 2, 2, 1, 2], [1, 1, 1, 1, 0, 1]]",96077.5
"[[6, 6, 6, 5, 6, 4], [2, 2, 3, 3, 3, 3], [4, 3, 3, 4, 4, 4], [2, 2, 2, 2, 2, 1], [0, 1, 1, 1, 1, 1]]",101699.0
"[[6, 5, 6, 5, 6, 5], [3, 2, 3, 3, 2, 3], [3, 4, 3, 4, 4, 4], [2, 2, 1, 2, 2, 2], [0, 1, 1, 1, 1, 1]]",101966.0
"[[5, 5, 6, 6, 5, 6], [2, 3, 3, 3, 3, 2], [3, 4, 4, 4, 3, 4], [2, 2, 2, 1, 2, 2], [1, 1, 1, 1, 1, 0]]",94573.0
"[[6, 5, 6, 5, 5, 6], [2, 3, 3, 3, 3, 2], [3, 4, 4, 4, 3, 4], [1, 2, 2, 2, 2, 2], [1, 0, 1, 1, 1, 1]]",104750.5
"[[6, 6, 5, 5, 6, 5], [3, 3, 2, 3, 2, 3], [4, 3, 4, 4, 3, 4], [2, 2, 2, 1, 2, 2], [0, 1, 1, 1, 1, 1]]",102942.0
"[[5, 6, 4, 6, 6, 6], [3, 3, 2, 3, 3, 2], [4, 4, 4, 4, 3, 3], [2, 2, 1, 2, 2, 2], [1, 1, 1, 1, 1, 0]]",93289.0
"[[5, 5, 6, 5, 6, 6], [3, 2, 2, 3, 3, 3], [4, 4, 4, 3, 3, 4], [2, 1, 2, 2, 2, 2], [1, 1, 1, 1, 0, 1]]",96378.5
"[[4, 6, 5, 6, 6, 6], [3, 3, 3, 3, 2, 2], [3, 4, 3, 4, 4, 4], [2, 2, 2, 2, 2, 1], [1, 1, 1, 1, 0, 1]]",93533.5
"[[6, 5, 6, 4, 6, 6], [2, 3, 3, 3, 3, 2], [4, 3, 4, 4, 4, 3], [2, 2, 2, 2, 1, 2], [1, 1, 1, 0, 1, 1]]",102631.5
"[[6, 5, 6, 6, 5, 5], [3, 3, 3, 2, 2, 3], [3, 3, 4, 4, 4, 4], [2, 2, 2, 2, 1, 2], [0, 1, 1, 1, 1, 1]]",101062.0
"[[6, 4, 6, 6, 6, 5], [3, 2, 3, 3, 3, 2], [3, 4, 4, 4, 4, 3], [2, 2, 1, 2, 2, 2], [1, 1, 0, 1, 1, 1]]",96944.5
"[[5, 6, 6, 4, 6, 6], [3, 2, 2, 3, 3, 3], [4, 4, 4, 3, 3, 4], [2, 1, 2, 2, 2, 2], [0, 1, 1, 1, 1, 1]]",102802.0
"[[6, 5, 6, 6, 5, 5], [3, 2, 3, 2, 3, 3], [4, 4, 3, 4, 4, 3], [2, 2, 2, 2, 1, 2], [1, 1, 0, 1, 1, 1]]",98660.0
"[[6, 6, 4, 5, 6, 6], [2, 3, 3, 3, 2, 3], [4, 4, 3, 3, 4, 4], [2, 1, 2, 2, 2, 2], [1, 0, 1, 1, 1, 1]]",103366.0
"[[6, 6, 4, 6, 5, 6], [2, 3, 2, 3, 3, 3], [3, 3, 4, 4, 4, 4], [2, 2, 2, 1, 2, 2], [1, 1, 1, 1, 0, 1]]",97358.5
"[[5, 6, 5, 6, 6, 5], [2, 3, 3, 3, 3, 2], [4, 3, 4, 3, 4, 4], [2, 1, 2, 2, 2, 2], [1, 1, 1, 0, 1, 1]]",99296.5
"[[6, 5, 6, 4, 6, 6], [3, 3, 2, 2, 3, 3], [3, 4, 4, 4, 3, 4], [2, 2, 2, 2, 2, 1], [1, 1, 1, 1, 1, 0]]",96041.0
"[[6, 5, 6, 4, 6, 6], [3, 2, 2, 3, 3, 3], [4, 4, 4, 3, 4, 3], [1, 2, 2, 2, 2, 2], [1, 1, 1, 1, 1, 0]]",96394.5
"[[6, 6, 6, 4, 6, 5], [2, 3, 3, 3, 3, 2], [4, 4, 4, 3, 3, 4], [1, 2, 2, 2, 2, 2], [1, 1, 1, 0, 1, 1]]",103821.5
"[[6, 6, 6, 5, 5, 5], [3, 3, 3, 3, 1, 3], [3, 4, 4, 3, 4, 4], [2, 2, 1, 2, 2, 2], [0, 1, 1, 1, 1, 1]]",104018.0
"[[5, 6, 6, 6, 5, 5], [2, 2, 3, 3, 3, 3], [4, 4, 3, 4, 3, 4], [2, 2, 2, 2, 1, 2], [1, 1, 1, 1, 1, 0]]",96837.0
"[[6, 5, 6, 6, 4, 6], [3, 3, 3, 1, 3, 3], [2, 4, 4, 4, 4, 4], [2, 2, 1, 2, 2, 2], [1, 1, 1, 1, 0, 1]]",94145.0
"[[6, 5, 6, 6, 5, 5], [2, 3, 3, 3, 2, 3], [4, 4, 4, 3, 4, 3], [2, 2, 1, 2, 2, 2], [1, 1, 0, 1, 1, 1]]",99388.5
"[[5, 6, 5, 6, 6, 5], [2, 3, 3, 3, 3, 2], [4, 4, 3, 3, 4, 4], [2, 2, 2, 2, 2, 1], [0, 1, 1, 1, 1, 1]]",100745.5
"[[6, 4, 5, 6, 6, 6], [3, 1, 3, 3, 3, 3], [4, 4, 3, 4, 4, 3], [2, 2, 2, 2, 2, 1], [1, 0, 1, 1, 1, 1]]",102342.5
"[[6, 6, 5, 6, 5, 5], [3, 3, 1, 3, 3, 3], [4, 3, 4, 3, 4, 4], [2, 1, 2, 2, 2, 2], [1, 1, 1, 0, 1, 1]]",101501.5
"[[5, 6, 6, 5, 6, 5], [2, 2, 3, 3, 3, 3], [4, 3, 3, 4, 4, 4], [2, 2, 1, 2, 2, 2], [0, 1, 1, 1, 1, 1]]",102075.5
"[[4, 6, 6, 5, 6, 6], [3, 3, 2, 3, 2, 3], [4, 4, 3, 3, 4, 4], [2, 1, 2, 2, 2, 2], [1, 1, 1, 0, 1, 1]]",99876.0
"[[6, 5, 6, 6, 5, 5], [3, 3, 3, 1, 3, 3], [4, 4, 4, 4, 4, 2], [2, 2, 2, 1, 2, 2], [1, 1, 1, 0, 1, 1]]",100997.5
"[[6, 6, 5, 4, 6, 6], [3, 3, 3, 3, 2, 2], [4, 4, 4, 3, 3, 4], [2, 2, 2, 1, 2, 2], [0, 1, 1, 1, 1, 1]]",102609.0
"[[6, 5, 5, 5, 6, 6], [3, 3, 3, 3, 1, 3], [4, 4, 3, 4, 4, 3], [2, 2, 2, 2, 2, 1], [1, 1, 1, 1, 0, 1]]",97291.0
"[[6, 5, 5, 6, 5, 6], [3, 3, 3, 3, 3, 1], [3, 4, 4, 3, 4, 4], [2, 2, 2, 2, 1, 2], [0, 1, 1, 1, 1, 1]]",99047.0
"[[5, 6, 5, 6, 5, 6], [3, 3, 3, 3, 2, 2], [4, 4, 3, 3, 4, 4], [2, 2, 1, 2, 2, 2], [1, 1, 1, 1, 1, 0]]",95550.0
"[[6, 5, 5, 5, 6, 6], [1, 3, 3, 3, 3, 3], [4, 3, 4, 4, 3, 4], [2, 2, 2, 1, 2, 2], [1, 1, 1, 1, 0, 1]]",96087.0
"[[6, 4, 6, 6, 5, 6], [3, 2, 2, 3, 3, 3], [4, 4, 4, 3, 3, 4], [2, 2, 1, 2, 2, 2], [1, 1, 1, 0, 1, 1]]",100389.5
"[[6, 5, 5, 6, 5, 6], [2, 3, 3, 3, 3, 2], [3, 4, 3, 4, 4, 4], [2, 2, 2, 1, 2, 2], [1, 1, 0, 1, 1, 1]]",100493.0
"[[6, 5, 6, 6, 5, 5], [3, 3, 3, 3, 2, 2], [4, 3, 4, 3, 4, 4], [2, 1, 2, 2, 2, 2], [1, 0, 1, 1, 1, 1]]",103697.0
"[[5, 5, 6, 6, 6, 5], [2, 3, 3, 3, 2, 3], [4, 4, 4, 3, 3, 4], [2, 2, 2, 2, 2, 1], [1, 1, 1, 0, 1, 1]]",99340.0
"[[5, 6, 6, 6, 6, 4], [3, 3, 3, 2, 2, 3], [4, 4, 4, 4, 4, 2], [2, 1, 2, 2, 2, 2], [1, 1, 1, 1, 0, 1]]",92414.5
"[[6, 6, 5, 4, 6, 6], [3, 3, 2, 3, 3, 2], [4, 3, 4, 4, 4, 3], [1, 2, 2, 2, 2, 2], [1, 1, 0, 1, 1, 1]]",102687.5
"[[5, 6, 6, 6, 6, 4], [2, 3, 3, 2, 3, 3], [4, 4, 4, 4, 3, 3], [2, 2, 2, 2, 1, 2], [1, 0, 1, 1, 1, 1]]",98070.5
"[[6, 6, 3, 6, 6, 6], [3, 2, 3, 2, 3, 3], [4, 4, 3, 4, 4, 3], [2, 2, 2, 1, 2, 2], [1, 1, 1, 1, 1, 0]]",91984.5
"[[5, 6, 6, 6, 5, 5], [3, 2, 3, 3, 2, 3], [4, 3, 4, 4, 4, 3], [2, 2, 1, 2, 2, 2], [1, 0, 1, 1, 1, 1]]",101183.0
"[[6, 6, 4, 5, 6, 6], [3, 3, 3, 3, 3, 1], [4, 4, 3, 4, 3, 4], [1, 2, 2, 2, 2, 2], [1, 1, 1, 1, 0, 1]]",93763.5
"[[6, 6, 6, 5, 5, 5], [3, 2, 3, 3, 2, 3], [3, 4, 3, 4, 4, 4], [2, 2, 1, 2, 2, 2], [1, 0, 1, 1, 1, 1]]",103603.0
"[[6, 6, 6, 5, 5, 5], [1, 3, 3, 3, 3, 3], [4, 4, 4, 2, 4, 4], [2, 2, 2, 2, 2, 1], [1, 1, 1, 1, 0, 1]]",97785.0
"[[5, 6, 5, 5, 6, 6], [2, 3, 3, 3, 2, 3], [3, 3, 4, 4, 4, 4], [2, 2, 2, 2, 2, 1], [1, 0, 1, 1, 1, 1]]",102376.5
"[[5, 5, 6, 6, 5, 6], [3, 3, 2, 3, 3, 2], [4, 4, 4, 3, 3, 4], [2, 2, 2, 1, 2, 2], [1, 1, 1, 0, 1, 1]]",100344.5
"[[5, 5, 6, 5, 6, 6], [3, 3, 2, 3, 3, 2], [4, 3, 4, 3, 4, 4], [2, 2, 2, 1, 2, 2], [1, 1, 1, 1, 1, 0]]",94573.0
"[[5, 6, 6, 5, 5, 6], [3, 3, 3, 2, 2, 3], [4, 4, 3, 4, 4, 3], [2, 2, 2, 2, 2, 1], [1, 1, 1, 0, 1, 1]]",102717.5
"[[5, 6, 6, 6, 5, 5], [3, 3, 2, 3, 3, 2], [4, 4, 3, 4, 4, 3], [2, 2, 2, 1, 2, 2], [1, 0, 1, 1, 1, 1]]",101139.5
"[[6, 5, 5, 5, 6, 6], [3, 3, 1, 3, 3, 3], [3, 4, 3, 4, 4, 4], [2, 2, 2, 2, 1, 2], [1, 1, 1, 0, 1, 1]]",100481.5
"[[5, 4, 6, 6, 6, 6], [3, 3, 3, 1, 3, 3], [3, 4, 4, 4, 4, 3], [2, 2, 1, 2, 2, 2], [1, 1, 1, 1, 1, 0]]",88578.0
"[[6, 5, 5, 6, 5, 6], [3, 3, 3, 2, 3, 2], [4, 3, 4, 4, 4, 3], [2, 1, 2, 2, 2, 2], [1, 1, 1, 0, 1, 1]]",100344.0
"[[5, 4, 6, 6, 6, 6], [3, 2, 3, 3, 2, 3], [4, 4, 3, 4, 3, 4], [2, 2, 2, 2, 2, 1], [1, 1, 1, 1, 1, 0]]",91964.0
"[[6, 5, 6, 4, 6, 6], [3, 3, 3, 3, 3, 1], [4, 4, 3, 4, 4, 3], [2, 1, 2, 2, 2, 2], [1, 0, 1, 1, 1, 1]]",102132.5
"[[6, 6, 6, 5, 4, 6], [1, 3, 3, 3, 3, 3], [4, 3, 4, 4, 4, 3], [2, 2, 2, 2, 2, 1], [1, 1, 1, 0, 1, 1]]",103051.0
"[[5, 6, 6, 5, 6, 5], [2, 3, 3, 3, 3, 2], [3, 4, 4, 4, 3, 4], [2, 2, 1, 2, 2, 2], [1, 1, 1, 1, 0, 1]]",96534.5
"[[6, 5, 5, 6, 6, 5], [3, 2, 3, 3, 3, 2], [4, 3, 4, 4, 3, 4], [2, 2, 1, 2, 2, 2], [1, 1, 1, 0, 1, 1]]",99296.0
"[[6, 5, 6, 5, 6, 5], [2, 3, 3, 2, 3, 3], [3, 4, 3, 4, 4, 4], [2, 2, 2, 1, 2, 2], [1, 1, 1, 0, 1, 1]]",101574.5
"[[5, 5, 6, 5, 6, 6], [2, 2, 3, 3, 3, 3], [3, 4, 4, 4, 3, 4], [1, 2, 2, 2, 2, 2], [1, 1, 1, 1, 0, 1]]",96378.5
"[[6, 6, 3, 6, 6, 6], [3, 3, 3, 3, 2, 2], [4, 4, 4, 4, 4, 2], [2, 2, 1, 2, 2, 2], [1, 1, 1, 0, 1, 1]]",97854.0
"[[6, 5, 5, 6, 6, 5], [3, 1, 3, 3, 3, 3], [3, 4, 4, 4, 4, 3], [2, 2, 2, 2, 2, 1], [1, 1, 1, 1, 1, 0]]",95417.0
"[[4, 6, 6, 6, 6, 5], [3, 3, 3, 2, 2, 3], [4, 4, 3, 4, 4, 3], [2, 2, 2, 2, 2, 1], [1, 1, 1, 1, 0, 1]]",92306.5
"[[6, 5, 5, 6, 6, 5], [2, 2, 3, 3, 3, 3], [4, 3, 4, 4, 4, 3], [2, 2, 2, 1, 2, 2], [1, 1, 0, 1, 1, 1]]",99473.5
"[[5, 6, 6, 5, 5, 6], [3, 2, 3, 3, 3, 2], [3, 3, 4, 4, 4, 4], [2, 2, 2, 2, 1, 2], [0, 1, 1, 1, 1, 1]]",103080.0
"[[6, 5, 5, 5, 6, 6], [3, 3, 2, 3, 2, 3], [3, 4, 4, 4, 4, 3], [2, 2, 2, 2, 2, 1], [1, 1, 1, 1, 1, 0]]",95549.5
"[[6, 6, 5, 6, 5, 5], [3, 3, 3, 2, 3, 2], [4, 4, 3, 4, 4, 3], [2, 1, 2, 2, 2, 2], [0, 1, 1, 1, 1, 1]]",101534.5
"[[6, 4, 6, 6, 5, 6], [2, 3, 2, 3, 3, 3], [4, 3, 3, 4, 4, 4], [1, 2, 2, 2, 2, 2], [1, 0, 1, 1, 1, 1]]",103619.0
"[[6, 6, 5, 5, 5, 6], [2, 3, 3, 2, 3, 3], [3, 4, 4, 3, 4, 4], [2, 1, 2, 2, 2, 2], [1, 0, 1, 1, 1, 1]]",103964.5
"[[6, 6, 6, 5, 6, 4], [3, 2, 2, 3, 3, 3], [3, 4, 3, 4, 4, 4], [2, 2, 2, 1, 2, 2], [1, 0, 1, 1, 1, 1]]",101216.0
"[[6, 5, 4, 6, 6, 6], [3, 3, 2, 2, 3, 3], [3, 4, 4, 4, 4, 3], [2, 2, 2, 2, 2, 1], [1, 1, 1, 1, 1, 0]]",92082.5
"[[6, 6, 4, 5, 6, 6], [3, 3, 3, 3, 1, 3], [4, 3, 4, 4, 3, 4], [2, 2, 1, 2, 2, 2], [1, 1, 1, 0, 1, 1]]",100402.5
"[[6, 6, 5, 6, 5, 5], [1, 3, 3, 3, 3, 3], [3, 4, 4, 3, 4, 4], [2, 2, 2, 1, 2, 2], [1, 1, 0, 1, 1, 1]]",100475.0
"[[6, 5, 6, 5, 5, 6], [3, 3, 2, 3, 3, 2], [2, 4, 4, 4, 4, 4], [2, 1, 2, 2, 2, 2], [1, 1, 1, 0, 1, 1]]",102324.5
"[[5, 6, 6, 6, 6, 4], [2, 3, 3, 3, 2, 3], [4, 4, 3, 4, 4, 3], [2, 2, 1, 2, 2, 2], [0, 1, 1, 1, 1, 1]]",99545.5
"[[5, 5, 5, 6, 6, 6], [3, 3, 3, 2, 3, 2], [4, 3, 3, 4, 4, 4], [2, 2, 1, 2, 2, 2], [0, 1, 1, 1, 1, 1]]",98352.5
"[[6, 5, 5, 6, 6, 5], [3, 2, 3, 3, 2, 3], [4, 4, 4, 4, 2, 4], [2, 2, 2, 2, 2, 1], [0, 1, 1, 1, 1, 1]]",100639.5
"[[6, 5, 6, 5, 6, 5], [3, 3, 3, 1, 3, 3], [3, 4, 4, 3, 4, 4], [2, 2, 2, 2, 1, 2], [1, 1, 1, 1, 0, 1]]",92533.5
"[[5, 6, 5, 6, 5, 6], [2, 3, 3, 2, 3, 3], [4, 4, 4, 2, 4, 4], [2, 1, 2, 2, 2, 2], [0, 1, 1, 1, 1, 1]]",100722.0
"[[5, 6, 6, 6, 5, 5], [3, 2, 2, 3, 3, 3], [4, 3, 3, 4, 4, 4], [2, 2, 1, 2, 2, 2], [0, 1, 1, 1, 1, 1]]",101975.5
"[[6, 6, 5, 5, 6, 5], [3, 2, 3, 3, 2, 3], [4, 4, 4, 3, 4, 3], [2, 2, 1, 2, 2, 2], [1, 1, 1, 0, 1, 1]]",101601.5
"[[5, 6, 6, 6, 6, 4], [3, 3, 3, 1, 3, 3], [4, 3, 4, 4, 4, 3], [1, 2, 2, 2, 2, 2], [1, 1, 1, 1, 0, 1]]",89774.0
"[[4, 6, 6, 5, 6, 6], [3, 3, 3, 2, 3, 2], [4, 4, 4, 3, 4, 3], [2, 1, 2, 2, 2, 2], [1, 1, 0, 1, 1, 1]]",97016.5
"[[6, 6, 6, 5, 5, 5], [3, 2, 3, 3, 3, 2], [2, 4, 4, 4, 4, 4], [2, 2, 1, 2, 2, 2], [0, 1, 1, 1, 1, 1]]",104042.5
"[[5, 6, 4, 6, 6, 6], [2, 3, 3, 3, 3, 2], [3, 4, 4, 3, 4, 4], [2, 2, 1, 2, 2, 2], [1, 1, 0, 1, 1, 1]]",100556.5
"[[4, 6, 6, 6, 5, 6], [2, 3, 3, 3, 2, 3], [3, 4, 3, 4, 4, 4], [2, 2, 2, 2, 2, 1], [0, 1, 1, 1, 1, 1]]",100954.0
"[[6, 6, 5, 5, 5, 6], [3, 2, 3, 3, 2, 3], [3, 4, 4, 3, 4, 4], [1, 2, 2, 2, 2, 2], [1, 0, 1, 1, 1, 1]]",104813.5
"[[5, 6, 6, 6, 5, 5], [2, 3, 2, 3, 3, 3], [3, 4, 3, 4, 4, 4], [2, 1, 2, 2, 2, 2], [1, 1, 0, 1, 1, 1]]",99426.0
"[[6, 6, 6, 6, 6, 3], [2, 3, 3, 2, 3, 3], [3, 4, 4, 3, 4, 4], [1, 2, 2, 2, 2, 2], [1, 1, 1, 0, 1, 1]]",98402.0
"[[5, 6, 6, 5, 5, 6], [3, 3, 3, 2, 2, 3], [4, 4, 2, 4, 4, 4], [1, 2, 2, 2, 2, 2], [1, 0, 1, 1, 1, 1]]",100840.5
"[[5, 6, 6, 5, 5, 6], [3, 2, 2, 3, 3, 3], [4, 4, 3, 4, 4, 3], [2, 2, 2, 2, 1, 2], [1, 1, 0, 1, 1, 1]]",100668.5
"[[5, 6, 5, 6, 5, 6], [3, 2, 2, 3, 3, 3], [3, 3, 4, 4, 4, 4], [2, 1, 2, 2, 2, 2], [1, 0, 1, 1, 1, 1]]",102350.5
"[[6, 6, 6, 6, 5, 4], [3, 3, 3, 3, 2, 2], [4, 3, 4, 3, 4, 4], [2, 2, 2, 2, 2, 1], [1, 1, 0, 1, 1, 1]]",99107.0
"[[6, 5, 5, 6, 5, 6], [2, 3, 2, 3, 3, 3], [4, 3, 4, 4, 3, 4], [2, 2, 1, 2, 2, 2], [1, 0, 1, 1, 1, 1]]",104546.0
"[[5, 5, 6, 5, 6, 6], [2, 3, 3, 2, 3, 3], [4, 4, 3, 4, 3, 4], [2, 2, 1, 2, 2, 2], [1, 1, 1, 0, 1, 1]]",100482.5
"[[6, 5, 6, 6, 6, 4], [3, 3, 3, 3, 1, 3], [4, 3, 3, 4, 4, 4], [2, 2, 1, 2, 2, 2], [0, 1, 1, 1, 1, 1]]",99332.0
"[[6, 5, 6, 5, 5, 6], [3, 3, 3, 3, 3, 1], [4, 4, 4, 4, 4, 2], [1, 2, 2, 2, 2, 2], [1, 1, 1, 1, 0, 1]]",94971.0
"[[6, 5, 6, 6, 5, 5], [2, 3, 3, 3, 3, 2], [4, 3, 4, 3, 4, 4], [2, 2, 2, 1, 2, 2], [1, 0, 1, 1, 1, 1]]",103697.0
"[[6, 6, 6, 6, 4, 5], [3, 3, 3, 2, 2, 3], [3, 3, 4, 4, 4, 4], [2, 2, 2, 2, 2, 1], [1, 0, 1, 1, 1, 1]]",101797.0
"[[6, 6, 6, 4, 6, 5], [3, 2, 2, 3, 3, 3], [4, 4, 4, 3, 3, 4], [2, 1, 2, 2, 2, 2], [1, 1, 1, 1, 1, 0]]",98656.5
"[[6, 6, 5, 6, 6, 4], [2, 3, 2, 3, 3, 3], [4, 3, 4, 4, 4, 3], [2, 2, 2, 2, 1, 2], [1, 1, 1, 0, 1, 1]]",99071.5
"[[5, 6, 5, 5, 6, 6], [2, 3, 3, 3, 2, 3], [3, 4, 4, 4, 3, 4], [2, 2, 2, 2, 2, 1], [1, 1, 1, 0, 1, 1]]",100508.5
"[[6, 5, 6, 5, 5, 6], [3, 3, 3, 2, 3, 2], [3, 4, 3, 4, 4, 4], [2, 1, 2, 2, 2, 2], [1, 1, 1, 0, 1, 1]]",102579.0
"[[6, 5, 6, 5, 6, 5], [3, 3, 2, 3, 3, 2], [4, 4, 4, 2, 4, 4], [2, 2, 2, 2, 2, 1], [1, 1, 0, 1, 1, 1]]",99445.0
"[[5, 5, 6, 6, 5, 6], [3, 2, 3, 2, 3, 3], [4, 4, 4, 4, 2, 4], [1, 2, 2, 2, 2, 2], [1, 1, 1, 1, 0, 1]]",94805.5
"[[4, 6, 6, 6, 6, 5], [3, 3, 2, 3, 3, 2], [4, 4, 3, 3, 4, 4], [2, 2, 2, 1, 2, 2], [0, 1, 1, 1, 1, 1]]",99768.0
"[[6, 5, 6, 6, 4, 6], [3, 2, 3, 2, 3, 3], [4, 4, 4, 2, 4, 4], [1, 2, 2, 2, 2, 2], [1, 1, 0, 1, 1, 1]]",99569.5
"[[6, 4, 6, 6, 5, 6], [3, 2, 3, 2, 3, 3], [4, 4, 4, 4, 2, 4], [2, 2, 1, 2, 2, 2], [1, 0, 1, 1, 1, 1]]",102869.5
"[[6, 4, 5, 6, 6, 6], [3, 3, 3, 3, 1, 3], [4, 4, 3, 4, 3, 4], [2, 2, 1, 2, 2, 2], [0, 1, 1, 1, 1, 1]]",99459.5
"[[6, 5, 5, 5, 6, 6], [3, 3, 3, 3, 2, 2], [4, 4, 4, 3, 3, 4], [2, 2, 2, 1, 2, 2], [1, 1, 1, 0, 1, 1]]",100370.0
"[[6, 5, 5, 6, 5, 6], [3, 3, 3, 3, 2, 2], [4, 4, 4, 2, 4, 4], [2, 2, 2, 1, 2, 2], [1, 1, 1, 0, 1, 1]]",100344.0
"[[6, 6, 5, 5, 5, 6], [3, 3, 2, 2, 3, 3], [2, 4, 4, 4, 4, 4], [2, 2, 2, 1, 2, 2], [1, 0, 1, 1, 1, 1]]",103325.5
"[[6, 4, 6, 6, 5, 6], [3, 1, 3, 3, 3, 3], [3, 4, 4, 4, 4, 3], [2, 2, 2, 1, 2, 2], [1, 1, 1, 1, 0, 1]]",96229.0
"[[6, 6, 6, 5, 4, 6], [3, 2, 3, 2, 3, 3], [3, 4, 3, 4, 4, 4], [2, 2, 2, 2, 2, 1], [1, 0, 1, 1, 1, 1]]",103815.0
"[[6, 6, 6, 4, 5, 6], [3, 2, 2, 3, 3, 3], [3, 4, 4, 3, 4, 4], [2, 2, 2, 1, 2, 2], [1, 1, 0, 1, 1, 1]]",102811.0
"[[6, 4, 5, 6, 6, 6], [2, 3, 3, 3, 3, 2], [3, 4, 3, 4, 4, 4], [2, 1, 2, 2, 2, 2], [1, 1, 1, 1, 0, 1]]",94048.0
"[[5, 5, 6, 6, 5, 6], [2, 3, 3, 3, 3, 2], [4, 3, 4, 3, 4, 4], [2, 1, 2, 2, 2, 2], [1, 1, 1, 1, 0, 1]]",95424.5
"[[6, 6, 6, 5, 4, 6], [2, 2, 3, 3, 3, 3], [4, 4, 4, 3, 3, 4], [2, 2, 2, 1, 2, 2], [1, 1, 1, 0, 1, 1]]",104255.0
"[[4, 6, 5, 6, 6, 6], [2, 3, 3, 3, 3, 2], [3, 4, 3, 4, 4, 4], [2, 2, 2, 1, 2, 2], [1, 1, 1, 1, 0, 1]]",93533.5
"[[4, 6, 6, 6, 5, 6], [3, 2, 3, 2, 3, 3], [3, 4, 3, 4, 4, 4], [2, 2, 2, 2, 2, 1], [1, 1, 1, 0, 1, 1]]",99850.0
"[[5, 5, 6, 5, 6, 6], [3, 3, 2, 2, 3, 3], [2, 4, 4, 4, 4, 4], [2, 2, 1, 2, 2, 2], [1, 1, 0, 1, 1, 1]]",97402.0
"[[6, 6, 6, 6, 4, 5], [3, 2, 3, 3, 2, 3], [4, 3, 3, 4, 4, 4], [2, 2, 2, 2, 2, 1], [0, 1, 1, 1, 1, 1]]",103546.5
"[[5, 5, 5, 6, 6, 6], [3, 2, 3, 2, 3, 3], [4, 3, 4, 4, 4, 3], [2, 2, 1, 2, 2, 2], [1, 1, 1, 1, 1, 0]]",92083.5
"[[5, 6, 5, 5, 6, 6], [3, 3, 2, 2, 3, 3], [4, 3, 4, 4, 4, 3], [2, 2, 1, 2, 2, 2], [1, 1, 0, 1, 1, 1]]",99933.5
"[[6, 6, 5, 6, 5, 5], [1, 3, 3, 3, 3, 3], [4, 4, 4, 4, 2, 4], [2, 1, 2, 2, 2, 2], [0, 1, 1, 1, 1, 1]]",102836.5
"[[6, 4, 6, 6, 5, 6], [3, 3, 3, 3, 1, 3], [3, 4, 3, 4, 4, 4], [2, 1, 2, 2, 2, 2], [1, 0, 1, 1, 1, 1]]",103496.5
"[[6, 6, 6, 3, 6, 6], [3, 3, 2, 2, 3, 3], [3, 4, 4, 3, 4, 4], [2, 2, 2, 2, 2, 1], [1, 0, 1, 1, 1, 1]]",103809.5
"[[5, 6, 5, 6, 5, 6], [3, 2, 3, 3, 2, 3], [3, 4, 4, 3, 4, 4], [1, 2, 2, 2, 2, 2], [1, 1, 0, 1, 1, 1]]",100668.5
"[[5, 6, 6, 6, 4, 6], [3, 2, 3, 2, 3, 3], [4, 4, 3, 3, 4, 4], [2, 2, 2, 1, 2, 2], [0, 1, 1, 1, 1, 1]]",102083.5
"[[5, 5, 6, 6, 6, 5], [2, 3, 3, 3, 3, 2], [3, 4, 4, 4, 3, 4], [1, 2, 2, 2, 2, 2], [1, 1, 0, 1, 1, 1]]",97124.5
"[[6, 6, 4, 6, 6, 5], [3, 1, 3, 3, 3, 3], [4, 3, 4, 3, 4, 4], [2, 2, 2, 2, 1, 2], [1, 1, 1, 0, 1, 1]]",99087.5
"[[6, 3, 6, 6, 6, 6], [2, 3, 2, 3, 3, 3], [4, 4, 4, 3, 3, 4], [2, 1, 2, 2, 2, 2], [1, 1, 1, 1, 1, 0]]",91780.0
"[[5, 6, 6, 6, 6, 4], [2, 3, 2, 3, 3, 3], [4, 4, 3, 4, 3, 4], [1, 2, 2, 2, 2, 2], [1, 1, 0, 1, 1, 1]]",96996.0
"[[6, 6, 6, 5, 5, 5], [3, 3, 3, 3, 1, 3], [4, 4, 4, 3, 4, 3], [2, 2, 1, 2, 2, 2], [1, 1, 0, 1, 1, 1]]",101569.0
"[[4, 6, 5, 6, 6, 6], [3, 1, 3, 3, 3, 3], [3, 4, 4, 3, 4, 4], [2, 2, 1, 2, 2, 2], [1, 1, 1, 1, 0, 1]]",94183.5
"[[6, 4, 5, 6, 6, 6], [2, 3, 3, 2, 3, 3], [4, 4, 4, 3, 4, 3], [1, 2, 2, 2, 2, 2], [1, 1, 1, 0, 1, 1]]",98152.5
"[[5, 5, 6, 5, 6, 6], [3, 3, 2, 3, 2, 3], [4, 4, 4, 3, 4, 3], [2, 2, 2, 2, 1, 2], [1, 1, 1, 1, 0, 1]]",96378.5
"[[6, 6, 6, 4, 5, 6], [3, 3, 2, 3, 3, 2], [3, 3, 4, 4, 4, 4], [2, 2, 2, 1, 2, 2], [0, 1, 1, 1, 1, 1]]",104438.0
"[[5, 6, 6, 6, 4, 6], [3, 3, 3, 2, 2, 3], [4, 4, 3, 4, 3, 4], [2, 2, 2, 1, 2, 2], [0, 1, 1, 1, 1, 1]]",102083.5
"[[5, 5, 5, 6, 6, 6], [3, 2, 3, 2, 3, 3], [4, 4, 3, 4, 3, 4], [2, 2, 2, 2, 2, 1], [1, 1, 1, 1, 1, 0]]",92083.5
"[[5, 4, 6, 6, 6, 6], [3, 2, 3, 2, 3, 3], [4, 3, 4, 4, 3, 4], [2, 2, 1, 2, 2, 2], [1, 1, 1, 1, 1, 0]]",91218.5
"[[5, 6, 5, 6, 5, 6], [3, 3, 2, 3, 3, 2], [4, 3, 4, 3, 4, 4], [2, 2, 1, 2, 2, 2], [1, 1, 1, 1, 1, 0]]",95550.0
"[[6, 4, 5, 6, 6, 6], [3, 3, 3, 2, 2, 3], [3, 4, 4, 4, 3, 4], [2, 2, 2, 2, 2, 1], [1, 1, 1, 1, 1, 0]]",91990.5
"[[5, 6, 6, 5, 5, 6], [3, 3, 3, 2, 3, 2], [4, 3, 4, 4, 3, 4], [2, 2, 2, 2, 2, 1], [1, 1, 1, 0, 1, 1]]",102606.0
"[[5, 6, 6, 6, 4, 6], [2, 2, 3, 3, 3, 3], [4, 4, 3, 4, 3, 4], [2, 2, 2, 1, 2, 2], [0, 1, 1, 1, 1, 1]]",103068.5
"[[5, 6, 5, 6, 5, 6], [2, 3, 3, 2, 3, 3], [3, 4, 4, 3, 4, 4], [2, 2, 2, 2, 1, 2], [1, 1, 0, 1, 1, 1]]",99992.5
"[[6, 4, 6, 6, 6, 5], [2, 2, 3, 3, 3, 3], [4, 3, 3, 4, 4, 4], [2, 2, 2, 2, 2, 1], [1, 1, 0, 1, 1, 1]]",97008.0
"[[5, 6, 5, 6, 5, 6], [3, 3, 3, 3, 1, 3], [2, 4, 4, 4, 4, 4], [2, 2, 2, 2, 2, 1], [1, 0, 1, 1, 1, 1]]",101882.5
"[[5, 6, 6, 6, 6, 4], [3, 2, 3, 3, 3, 2], [4, 4, 4, 2, 4, 4], [1, 2, 2, 2, 2, 2], [0, 1, 1, 1, 1, 1]]",99545.5
"[[5, 6, 5, 6, 6, 5], [2, 2, 3, 3, 3, 3], [3, 4, 4, 4, 4, 3], [2, 2, 2, 2, 2, 1], [1, 1, 1, 1, 1, 0]]",95550.0
"[[6, 6, 3, 6, 6, 6], [3, 3, 3, 3, 1, 3], [4, 4, 3, 4, 4, 3], [2, 2, 2, 1, 2, 2], [1, 1, 0, 1, 1, 1]]",102894.5
"[[4, 6, 6, 6, 6, 5], [3, 2, 3, 3, 3, 2], [4, 4, 3, 4, 4, 3], [1, 2, 2, 2, 2, 2], [1, 0, 1, 1, 1, 1]]",98331.5
"[[6, 5, 6, 5, 6, 5], [2, 3, 3, 3, 3, 2], [4, 3, 3, 4, 4, 4], [2, 2, 2, 2, 2, 1], [1, 1, 1, 1, 0, 1]]",96534.0
"[[6, 6, 5, 6, 5, 5], [2, 3, 3, 2, 3, 3], [4, 4, 3, 3, 4, 4], [1, 2, 2, 2, 2, 2], [1, 1, 0, 1, 1, 1]]",100960.0
"[[6, 6, 6, 5, 5, 5], [3, 3, 2, 3, 2, 3], [4, 3, 4, 3, 4, 4], [2, 2, 2, 2, 1, 2], [1, 1, 1, 1, 1, 0]]",99098.5
"[[6, 6, 5, 6, 5, 5], [2, 3, 2, 3, 3, 3], [4, 4, 3, 3, 4, 4], [2, 2, 2, 2, 2, 1], [1, 1, 0, 1, 1, 1]]",101688.5
"[[5, 5, 6, 6, 5, 6], [3, 3, 2, 2, 3, 3], [4, 3, 4, 4, 3, 4], [1, 2, 2, 2, 2, 2], [1, 1, 1, 1, 0, 1]]",94805.5
"[[6, 5, 6, 4, 6, 6], [3, 3, 2, 3, 3, 2], [2, 4, 4, 4, 4, 4], [2, 2, 1, 2, 2, 2], [1, 1, 1, 1, 1, 0]]",96114.0
"[[6, 5, 6, 6, 4, 6], [3, 3, 2, 3, 3, 2], [4, 3, 3, 4, 4, 4], [2, 2, 2, 1, 2, 2], [1, 1, 0, 1, 1, 1]]",100327.0
"[[6, 6, 6, 6, 4, 5], [3, 2, 3, 3, 2, 3], [4, 4, 3, 4, 4, 3], [1, 2, 2, 2, 2, 2], [0, 1, 1, 1, 1, 1]]",103546.5
"[[5, 6, 6, 5, 6, 5], [3, 2, 3, 3, 3, 2], [4, 4, 4, 3, 3, 4], [2, 2, 2, 2, 2, 1], [1, 1, 1, 1, 1, 0]]",96837.0
"[[3, 6, 6, 6, 6, 6], [3, 2, 3, 2, 3, 3], [3, 4, 4, 4, 3, 4], [2, 1, 2, 2, 2, 2], [1, 1, 1, 1, 0, 1]]",91269.5
"[[6, 5, 6, 5, 6, 5], [3, 2, 2, 3, 3, 3], [3, 4, 4, 4, 3, 4], [2, 2, 2, 2, 1, 2], [1, 1, 1, 0, 1, 1]]",101601.0
"[[5, 6, 5, 6, 6, 5], [3, 3, 3, 3, 3, 1], [3, 4, 4, 3, 4, 4], [2, 2, 1, 2, 2, 2], [1, 1, 0, 1, 1, 1]]",97658.0
"[[6, 4, 6, 6, 5, 6], [3, 3, 3, 2, 2, 3], [4, 3, 4, 3, 4, 4], [2, 1, 2, 2, 2, 2], [1, 1, 0, 1, 1, 1]]",97474.5
"[[5, 6, 6, 4, 6, 6], [3, 2, 3, 3, 3, 2], [4, 4, 4, 3, 4, 3], [2, 1, 2, 2, 2, 2], [1, 1, 0, 1, 1, 1]]",100476.5
"[[5, 6, 5, 6, 5, 6], [3, 2, 2, 3, 3, 3], [4, 4, 2, 4, 4, 4], [2, 2, 1, 2, 2, 2], [1, 0, 1, 1, 1, 1]]",101536.5
"[[6, 6, 6, 3, 6, 6], [3, 2, 3, 2, 3, 3], [4, 4, 4, 4, 4, 2], [2, 1, 2, 2, 2, 2], [1, 1, 1, 1, 0, 1]]",96651.5
"[[6, 5, 6, 6, 6, 4], [2, 3, 3, 3, 3, 2], [4, 4, 4, 3, 3, 4], [2, 1, 2, 2, 2, 2], [1, 1, 1, 1, 0, 1]]",93991.0
"[[6, 5, 6, 6, 5, 5], [3, 3, 3, 3, 3, 1], [4, 3, 4, 4, 4, 3], [2, 2, 2, 2, 2, 1], [1, 1, 0, 1, 1, 1]]",97505.5
"[[6, 6, 6, 6, 4, 5], [3, 3, 3, 1, 3, 3], [4, 4, 3, 4, 3, 4], [2, 2, 2, 2, 2, 1], [1, 1, 0, 1, 1, 1]]",97210.0
"[[6, 5, 6, 6, 4, 6], [3, 2, 3, 3, 3, 2], [4, 4, 2, 4, 4, 4], [2, 2, 2, 2, 2, 1], [1, 1, 1, 1, 0, 1]]",96978.0
"[[6, 6, 5, 6, 4, 6], [3, 2, 2, 3, 3, 3], [3, 4, 3, 4, 4, 4], [1, 2, 2, 2, 2, 2], [1, 1, 0, 1, 1, 1]]",102781.5
"[[6, 5, 6, 4, 6, 6], [2, 2, 3, 3, 3, 3], [3, 4, 4, 3, 4, 4], [2, 2, 2, 2, 2, 1], [0, 1, 1, 1, 1, 1]]",102692.5
"[[6, 4, 6, 5, 6, 6], [3, 2, 3, 3, 3, 2], [4, 2, 4, 4, 4, 4], [2, 2, 1, 2, 2, 2], [1, 1, 0, 1, 1, 1]]",97888.0
"[[6, 6, 5, 6, 4, 6], [3, 2, 2, 3, 3, 3], [3, 4, 4, 4, 4, 3], [2, 2, 2, 2, 2, 1], [0, 1, 1, 1, 1, 1]]",103935.0
"[[6, 6, 6, 5, 5, 5], [3, 3, 3, 3, 2, 2], [4, 4, 2, 4, 4, 4], [1, 2, 2, 2, 2, 2], [1, 1, 1, 1, 0, 1]]",98086.0
"[[5, 6, 5, 6, 5, 6], [3, 3, 3, 3, 1, 3], [4, 4, 4, 4, 3, 3], [1, 2, 2, 2, 2, 2], [1, 1, 0, 1, 1, 1]]",100637.5
"[[5, 6, 5, 5, 6, 6], [2, 3, 2, 3, 3, 3], [4, 4, 4, 4, 2, 4], [2, 2, 2, 2, 1, 2], [1, 1, 0, 1, 1, 1]]",100694.5
"[[6, 5, 5, 6, 5, 6], [3, 3, 3, 2, 3, 2], [4, 4, 3, 3, 4, 4], [2, 2, 1, 2, 2, 2], [1, 1, 1, 1, 0, 1]]",94365.0
"[[5, 6, 5, 5, 6, 6], [2, 3, 3, 2, 3, 3], [4, 3, 3, 4, 4, 4], [2, 2, 1, 2, 2, 2], [1, 1, 0, 1, 1, 1]]",99933.5
"[[5, 6, 6, 6, 4, 6], [3, 2, 3, 3, 3, 2], [4, 4, 3, 3, 4, 4], [2, 2, 2, 2, 1, 2], [1, 1, 1, 0, 1, 1]]",101879.0
"[[5, 5, 5, 6, 6, 6], [1, 3, 3, 3, 3, 3], [4, 3, 4, 4, 3, 4], [2, 2, 2, 2, 2, 1], [1, 1, 1, 0, 1, 1]]",97281.5
"[[4, 6, 6, 5, 6, 6], [3, 3, 3, 3, 3, 1], [3, 4, 4, 4, 3, 4], [1, 2, 2, 2, 2, 2], [1, 1, 1, 0, 1, 1]]",97127.5
"[[6, 6, 6, 5, 4, 6], [3, 2, 3, 3, 2, 3], [3, 4, 4, 3, 4, 4], [1, 2, 2, 2, 2, 2], [1, 1, 0, 1, 1, 1]]",102661.5
"[[5, 6, 5, 5, 6, 6], [3, 3, 2, 3, 3, 2], [3, 4, 4, 4, 3, 4], [2, 1, 2, 2, 2, 2], [1, 1, 1, 1, 1, 0]]",95550.0
"[[6, 4, 6, 5, 6, 6], [3, 3, 2, 3, 3, 2], [2, 4, 4, 4, 4, 4], [1, 2, 2, 2, 2, 2], [1, 0, 1, 1, 1, 1]]",102776.0
"[[6, 6, 6, 5, 4, 6], [3, 3, 2, 2, 3, 3], [3, 4, 4, 4, 4, 3], [2, 2, 2, 2, 2, 1], [0, 1, 1, 1, 1, 1]]",104039.5
"[[5, 6, 6, 6, 6, 4], [3, 3, 3, 3, 1, 3], [4, 3, 4, 3, 4, 4], [2, 2, 2, 2, 1, 2], [1, 1, 1, 1, 1, 0]]",96708.5
"[[6, 6, 6, 5, 6, 4], [3, 3, 2, 3, 3, 2], [4, 4, 4, 4, 4, 2], [2, 2, 2, 2, 2, 1], [1, 1, 1, 1, 1, 0]]",99098.5
"[[6, 6, 5, 6, 5, 5], [3, 3, 2, 3, 3, 2], [4, 4, 4, 4, 3, 3], [2, 2, 2, 1, 2, 2], [1, 1, 1, 1, 1, 0]]",97812.0
"[[6, 6, 6, 6, 5, 4], [3, 3, 2, 3, 2, 3], [4, 3, 4, 4, 4, 3], [2, 1, 2, 2, 2, 2], [0, 1, 1, 1, 1, 1]]",101599.0
"[[5, 6, 6, 5, 6, 5], [3, 2, 3, 2, 3, 3], [4, 4, 3, 4, 3, 4], [1, 2, 2, 2, 2, 2], [1, 1, 1, 1, 1, 0]]",96091.5
"[[5, 6, 5, 6, 5, 6], [2, 3, 3, 3, 3, 2], [4, 3, 3, 4, 4, 4], [2, 2, 1, 2, 2, 2], [1, 1, 1, 1, 0, 1]]",96401.5
"[[6, 6, 5, 5, 6, 5], [3, 3, 3, 2, 2, 3], [4, 4, 4, 3, 4, 3], [2, 2, 2, 2, 2, 1], [1, 1, 1, 1, 0, 1]]",95675.0
"[[4, 6, 6, 6, 6, 5], [3, 3, 2, 3, 3, 2], [3, 3, 4, 4, 4, 4], [2, 2, 2, 1, 2, 2], [0, 1, 1, 1, 1, 1]]",99768.0
"[[6, 6, 6, 6, 4, 5], [3, 2, 2, 3, 3, 3], [4, 3, 4, 4, 3, 4], [2, 2, 2, 2, 1, 2], [1, 1, 1, 1, 1, 0]]",98982.5
"[[6, 6, 6, 3, 6, 6], [2, 3, 2, 3, 3, 3], [4, 3, 4, 4, 3, 4], [1, 2, 2, 2, 2, 2], [1, 1, 0, 1, 1, 1]]",101184.5
"[[6, 6, 6, 6, 4, 5], [2, 3, 3, 2, 3, 3], [4, 4, 4, 3, 3, 4], [1, 2, 2, 2, 2, 2], [1, 1, 1, 0, 1, 1]]",101976.0
"[[6, 6, 6, 4, 5, 6], [2, 3, 2, 3, 3, 3], [4, 3, 4, 4, 4, 3], [1, 2, 2, 2, 2, 2], [1, 1, 1, 0, 1, 1]]",105007.5
"[[5, 6, 6, 5, 6, 5], [3, 3, 2, 3, 2, 3], [4, 4, 3, 3, 4, 4], [2, 2, 2, 2, 1, 2], [0, 1, 1, 1, 1, 1]]",102075.5
"[[6, 5, 6, 4, 6, 6], [3, 3, 3, 3, 2, 2], [3, 4, 4, 3, 4, 4], [2, 2, 1, 2, 2, 2], [0, 1, 1, 1, 1, 1]]",102554.5
"[[5, 6, 6, 6, 6, 4], [2, 3, 3, 3, 3, 2], [4, 4, 4, 3, 3, 4], [2, 2, 2, 2, 1, 2], [0, 1, 1, 1, 1, 1]]",99545.5
"[[5, 5, 6, 6, 5, 6], [3, 1, 3, 3, 3, 3], [4, 4, 2, 4, 4, 4], [2, 1, 2, 2, 2, 2], [1, 1, 1, 1, 1, 0]]",93666.0
"[[6, 5, 6, 5, 6, 5], [3, 3, 2, 3, 3, 2], [4, 4, 3, 4, 3, 4], [2, 2, 2, 2, 1, 2], [1, 1, 1, 0, 1, 1]]",101531.0
"[[6, 6, 4, 6, 5, 6], [3, 3, 3, 3, 2, 2], [4, 4, 4, 4, 3, 3], [2, 2, 2, 2, 1, 2], [1, 1, 0, 1, 1, 1]]",102793.0
"[[6, 6, 6, 5, 5, 5], [3, 2, 3, 3, 2, 3], [4, 3, 3, 4, 4, 4], [2, 2, 2, 2, 2, 1], [1, 0, 1, 1, 1, 1]]",103697.5
"[[6, 6, 5, 6, 5, 5], [3, 3, 3, 3, 2, 2], [4, 2, 4, 4, 4, 4], [2, 1, 2, 2, 2, 2], [0, 1, 1, 1, 1, 1]]",102514.0
"[[6, 6, 6, 4, 6, 5], [2, 3, 3, 3, 3, 2], [3, 4, 4, 4, 4, 3], [2, 2, 2, 2, 2, 1], [1, 1, 1, 1, 0, 1]]",97114.5
"[[5, 6, 4, 6, 6, 6], [2, 3, 3, 2, 3, 3], [3, 3, 4, 4, 4, 4], [2, 2, 1, 2, 2, 2], [1, 0, 1, 1, 1, 1]]",99603.5
"[[6, 6, 5, 4, 6, 6], [3, 2, 3, 3, 2, 3], [4, 4, 4, 3, 3, 4], [2, 1, 2, 2, 2, 2], [0, 1, 1, 1, 1, 1]]",102747.0
"[[6, 6, 5, 5, 6, 5], [3, 2, 2, 3, 3, 3], [3, 4, 4, 4, 3, 4], [1, 2, 2, 2, 2, 2], [0, 1, 1, 1, 1, 1]]",102942.0
"[[5, 6, 6, 5, 5, 6], [2, 2, 3, 3, 3, 3], [4, 4, 3, 4, 3, 4], [2, 2, 2, 1, 2, 2], [1, 1, 1, 1, 1, 0]]",96837.0
"[[6, 5, 6, 6, 4, 6], [3, 2, 3, 3, 3, 2], [4, 4, 4, 4, 3, 3], [2, 2, 1, 2, 2, 2], [1, 1, 1, 1, 0, 1]]",97688.0
"[[6, 5, 5, 5, 6, 6], [2, 3, 2, 3, 3, 3], [3, 4, 4, 4, 4, 3], [1, 2, 2, 2, 2, 2], [1, 0, 1, 1, 1, 1]]",104479.0
"[[6, 6, 6, 4, 5, 6], [3, 1, 3, 3, 3, 3], [3, 3, 4, 4, 4, 4], [2, 2, 1, 2, 2, 2], [1, 1, 1, 0, 1, 1]]",104763.0
"[[5, 4, 6, 6, 6, 6], [3, 3, 3, 3, 2, 2], [4, 4, 3, 4, 3, 4], [2, 2, 2, 2, 1, 2], [0, 1, 1, 1, 1, 1]]",98413.5
"[[6, 6, 5, 6, 4, 6], [3, 2, 2, 3, 3, 3], [3, 4, 3, 4, 4, 4], [2, 2, 1, 2, 2, 2], [1, 1, 0, 1, 1, 1]]",102781.5
"[[6, 5, 4, 6, 6, 6], [2, 3, 3, 3, 3, 2], [4, 4, 3, 4, 3, 4], [2, 2, 2, 1, 2, 2], [1, 1, 1, 1, 0, 1]]",94140.0
"[[6, 6, 6, 4, 5, 6], [3, 1, 3, 3, 3, 3], [4, 3, 4, 3, 4, 4], [2, 2, 2, 2, 2, 1], [1, 1, 0, 1, 1, 1]]",102556.5
"[[6, 6, 6, 5, 6, 4], [3, 3, 3, 3, 2, 2], [4, 3, 4, 4, 4, 3], [2, 1, 2, 2, 2, 2], [1, 1, 1, 0, 1, 1]]",101335.0
"[[5, 6, 6, 6, 5, 5], [3, 3, 2, 3, 2, 3], [4, 4, 4, 4, 4, 2], [2, 2, 2, 2, 1, 2], [1, 1, 1, 0, 1, 1]]",101501.5
"[[6, 6, 6, 4, 6, 5], [3, 3, 3, 2, 2, 3], [4, 4, 3, 4, 4, 3], [2, 2, 2, 2, 2, 1], [1, 1, 1, 1, 0, 1]]",96705.0
"[[4, 6, 6, 5, 6, 6], [3, 3, 2, 3, 2, 3], [4, 4, 2, 4, 4, 4], [2, 2, 2, 2, 1, 2], [0, 1, 1, 1, 1, 1]]",100270.0
"[[4, 6, 6, 5, 6, 6], [3, 3, 3, 3, 2, 2], [3, 4, 3, 4, 4, 4], [2, 2, 1, 2, 2, 2], [1, 0, 1, 1, 1, 1]]",99405.5
"[[5, 6, 6, 6, 5, 5], [1, 3, 3, 3, 3, 3], [4, 4, 4, 3, 4, 3], [2, 2, 2, 1, 2, 2], [1, 1, 1, 0, 1, 1]]",100538.5
"[[4, 6, 6, 6, 6, 5], [3, 2, 3, 3, 3, 2], [4, 3, 4, 4, 4, 3], [1, 2, 2, 2, 2, 2], [1, 1, 1, 1, 0, 1]]",93690.5
"[[5, 5, 5, 6, 6, 6], [3, 2, 2, 3, 3, 3], [4, 4, 3, 3, 4, 4], [2, 2, 2, 2, 1, 2], [1, 0, 1, 1, 1, 1]]",102014.5
"[[6, 6, 6, 4, 6, 5], [3, 1, 3, 3, 3, 3], [4, 3, 4, 4, 3, 4], [2, 2, 2, 2, 2, 1], [1, 1, 1, 1, 1, 0]]",98412.5
"[[6, 6, 6, 6, 3, 6], [3, 3, 2, 3, 3, 2], [4, 3, 4, 3, 4, 4], [2, 2, 1, 2, 2, 2], [1, 1, 1, 0, 1, 1]]",101687.0
"[[4, 6, 6, 6, 5, 6], [3, 1, 3, 3, 3, 3], [4, 3, 4, 3, 4, 4], [2, 2, 2, 2, 1, 2], [1, 0, 1, 1, 1, 1]]",99118.0
"[[6, 6, 5, 6, 5, 5], [3, 2, 3, 3, 2, 3], [3, 4, 4, 4, 3, 4], [1, 2, 2, 2, 2, 2], [1, 1, 0, 1, 1, 1]]",101688.5
"[[4, 6, 6, 6, 6, 5], [3, 3, 3, 3, 3, 1], [4, 2, 4, 4, 4, 4], [2, 2, 1, 2, 2, 2], [1, 1, 0, 1, 1, 1]]",94271.0
"[[6, 5, 5, 5, 6, 6], [3, 2, 3, 3, 2, 3], [3, 4, 4, 4, 3, 4], [2, 2, 1, 2, 2, 2], [0, 1, 1, 1, 1, 1]]",101848.0
"[[6, 6, 5, 6, 4, 6], [3, 3, 3, 3, 3, 1], [4, 3, 4, 4, 4, 3], [2, 2, 2, 1, 2, 2], [0, 1, 1, 1, 1, 1]]",101162.0
"[[5, 6, 5, 6, 5, 6], [2, 3, 3, 2, 3, 3], [4, 4, 4, 3, 3, 4], [2, 2, 2, 1, 2, 2], [1, 1, 1, 1, 1, 0]]",94345.5
"[[6, 6, 3, 6, 6, 6], [3, 3, 3, 2, 2, 3], [4, 4, 3, 3, 4, 4], [2, 2, 2, 2, 2, 1], [1, 1, 1, 0, 1, 1]]",98021.0
"[[6, 6, 6, 5, 4, 6], [3, 3, 3, 3, 2, 2], [3, 4, 4, 3, 4, 4], [2, 2, 2, 1, 2, 2], [0, 1, 1, 1, 1, 1]]",104347.5
"[[4, 6, 6, 5, 6, 6], [3, 2, 3, 3, 3, 2], [3, 4, 3, 4, 4, 4], [2, 1, 2, 2, 2, 2], [1, 0, 1, 1, 1, 1]]",99405.5
"[[5, 6, 5, 6, 5, 6], [2, 2, 3, 3, 3, 3], [4, 3, 3, 4, 4, 4], [1, 2, 2, 2, 2, 2], [0, 1, 1, 1, 1, 1]]",101931.5
"[[5, 5, 6, 5, 6, 6], [2, 3, 2, 3, 3, 3], [4, 4, 3, 4, 3, 4], [2, 2, 2, 1, 2, 2], [1, 0, 1, 1, 1, 1]]",102451.5
"[[6, 5, 5, 6, 5, 6], [3, 1, 3, 3, 3, 3], [4, 3, 4, 4, 4, 3], [2, 1, 2, 2, 2, 2], [1, 1, 1, 1, 1, 0]]",95417.0
"[[6, 5, 6, 6, 4, 6], [2, 3, 3, 3, 2, 3], [4, 4, 4, 4, 2, 4], [1, 2, 2, 2, 2, 2], [0, 1, 1, 1, 1, 1]]",102959.0
"[[4, 6, 6, 6, 5, 6], [3, 3, 2, 3, 2, 3], [4, 4, 3, 4, 4, 3], [2, 2, 2, 1, 2, 2], [1, 1, 1, 1, 0, 1]]",95778.5
"[[6, 5, 6, 5, 6, 5], [3, 3, 2, 2, 3, 3], [4, 4, 3, 4, 4, 3], [2, 1, 2, 2, 2, 2], [1, 0, 1, 1, 1, 1]]",103150.5
"[[6, 6, 6, 4, 5, 6], [2, 3, 2, 3, 3, 3], [3, 4, 4, 3, 4, 4], [2, 2, 2, 1, 2, 2], [0, 1, 1, 1, 1, 1]]",104521.5
"[[4, 6, 5, 6, 6, 6], [3, 2, 3, 3, 2, 3], [4, 2, 4, 4, 4, 4], [2, 2, 2, 1, 2, 2], [0, 1, 1, 1, 1, 1]]",99389.0
"[[5, 5, 5, 6, 6, 6], [3, 2, 3, 3, 2, 3], [3, 4, 4, 4, 3, 4], [2, 2, 1, 2, 2, 2], [0, 1, 1, 1, 1, 1]]",99693.5
"[[6, 5, 6, 5, 6, 5], [3, 3, 3, 2, 2, 3], [4, 4, 4, 3, 3, 4], [2, 2, 2, 1, 2, 2], [1, 1, 1, 1, 0, 1]]",95174.0
"[[5, 6, 6, 5, 6, 5], [3, 2, 2, 3, 3, 3], [4, 3, 3, 4, 4, 4], [2, 2, 2, 2, 2, 1], [0, 1, 1, 1, 1, 1]]",102075.5
"[[5, 6, 5, 6, 6, 5], [3, 2, 2, 3, 3, 3], [4, 4, 4, 4, 4, 2], [1, 2, 2, 2, 2, 2], [1, 1, 1, 1, 0, 1]]",95464.5
"[[6, 6, 5, 6, 6, 4], [2, 2, 3, 3, 3, 3], [2, 4, 4, 4, 4, 4], [2, 2, 2, 1, 2, 2], [1, 0, 1, 1, 1, 1]]",100502.0
"[[6, 6, 6, 6, 3, 6], [2, 2, 3, 3, 3, 3], [4, 4, 3, 4, 3, 4], [2, 2, 2, 2, 1, 2], [1, 1, 1, 0, 1, 1]]",101832.5
"[[6, 5, 6, 5, 6, 5], [3, 3, 2, 3, 3, 2], [4, 4, 4, 3, 4, 3], [2, 1, 2, 2, 2, 2], [1, 0, 1, 1, 1, 1]]",103797.0
"[[4, 6, 5, 6, 6, 6], [3, 3, 3, 3, 1, 3], [4, 4, 4, 3, 3, 4], [2, 1, 2, 2, 2, 2], [0, 1, 1, 1, 1, 1]]",99658.0
"[[5, 6, 5, 6, 6, 5], [3, 2, 2, 3, 3, 3], [3, 4, 4, 3, 4, 4], [2, 2, 1, 2, 2, 2], [1, 1, 1, 0, 1, 1]]",99340.0
"[[6, 5, 5, 5, 6, 6], [3, 3, 2, 2, 3, 3], [4, 3, 4, 4, 3, 4], [1, 2, 2, 2, 2, 2], [1, 0, 1, 1, 1, 1]]",103367.0
"[[6, 6, 6, 5, 5, 5], [3, 3, 2, 3, 3, 2], [4, 4, 3, 4, 4, 3], [2, 2, 2, 2, 2, 1], [1, 1, 1, 1, 1, 0]]",99098.5
"[[6, 6, 6, 4, 5, 6], [3, 2, 3, 2, 3, 3], [4, 4, 3, 4, 4, 3], [1, 2, 2, 2, 2, 2], [0, 1, 1, 1, 1, 1]]",104269.5
"[[5, 6, 5, 6, 5, 6], [2, 3, 2, 3, 3, 3], [4, 4, 2, 4, 4, 4], [2, 2, 2, 2, 1, 2], [1, 1, 1, 0, 1, 1]]",100153.5
"[[6, 6, 5, 6, 5, 5], [3, 2, 2, 3, 3, 3], [4, 3, 4, 4, 3, 4], [1, 2, 2, 2, 2, 2], [1, 1, 0, 1, 1, 1]]",101637.0
"[[6, 6, 6, 6, 5, 4], [3, 2, 2, 3, 3, 3], [4, 4, 3, 4, 3, 4], [2, 2, 2, 1, 2, 2], [0, 1, 1, 1, 1, 1]]",101599.0
"[[5, 6, 5, 6, 6, 5], [2, 3, 3, 2, 3, 3], [4, 3, 4, 3, 4, 4], [1, 2, 2, 2, 2, 2], [1, 1, 1, 0, 1, 1]]",99340.0
"[[5, 6, 6, 6, 6, 4], [3, 1, 3, 3, 3, 3], [4, 4, 3, 3, 4, 4], [2, 2, 1, 2, 2, 2], [1, 1, 1, 1, 0, 1]]",93682.5
"[[6, 6, 6, 4, 5, 6], [3, 2, 3, 3, 3, 2], [4, 4, 2, 4, 4, 4], [2, 2, 2, 1, 2, 2], [1, 1, 1, 1, 1, 0]]",98123.0
"[[6, 6, 5, 5, 5, 6], [2, 2, 3, 3, 3, 3], [3, 4, 3, 4, 4, 4], [2, 2, 2, 2, 1, 2], [1, 1, 0, 1, 1, 1]]",102931.0
"[[6, 6, 6, 4, 6, 5], [3, 3, 3, 2, 3, 2], [3, 4, 4, 4, 4, 3], [1, 2, 2, 2, 2, 2], [1, 1, 1, 1, 0, 1]]",96540.5
"[[5, 5, 6, 5, 6, 6], [3, 2, 2, 3, 3, 3], [3, 4, 3, 4, 4, 4], [2, 2, 2, 2, 1, 2], [1, 1, 0, 1, 1, 1]]",98336.5
"[[6, 6, 5, 5, 5, 6], [2, 3, 3, 3, 3, 2], [3, 4, 4, 4, 4, 3], [2, 2, 1, 2, 2, 2], [1, 1, 1, 1, 0, 1]]",98663.5
"[[6, 5, 5, 6, 6, 5], [3, 3, 3, 3, 2, 2], [4, 4, 2, 4, 4, 4], [2, 2, 1, 2, 2, 2], [0, 1, 1, 1, 1, 1]]",100465.0
"[[6, 5, 6, 5, 5, 6], [3, 3, 3, 2, 2, 3], [4, 4, 4, 4, 2, 4], [2, 2, 2, 2, 2, 1], [0, 1, 1, 1, 1, 1]]",102359.0
"[[6, 6, 5, 5, 6, 5], [3, 3, 2, 3, 3, 2], [3, 4, 4, 4, 4, 3], [2, 2, 2, 2, 2, 1], [1, 1, 0, 1, 1, 1]]",101745.0
"[[4, 6, 6, 5, 6, 6], [3, 2, 2, 3, 3, 3], [4, 3, 4, 4, 3, 4], [1, 2, 2, 2, 2, 2], [1, 1, 1, 0, 1, 1]]",99902.5
"[[5, 5, 6, 6, 5, 6], [2, 3, 3, 2, 3, 3], [3, 4, 4, 3, 4, 4], [2, 2, 2, 2, 1, 2], [0, 1, 1, 1, 1, 1]]",100204.5
"[[6, 5, 6, 6, 4, 6], [3, 3, 3, 3, 3, 1], [4, 3, 4, 3, 4, 4], [2, 2, 2, 1, 2, 2], [1, 1, 1, 1, 1, 0]]",96682.5
"[[5, 6, 5, 6, 6, 5], [2, 3, 3, 3, 3, 2], [4, 4, 4, 3, 4, 3], [1, 2, 2, 2, 2, 2], [1, 1, 1, 1, 0, 1]]",95271.5
"[[6, 6, 5, 6, 6, 4], [3, 2, 3, 3, 3, 2], [4, 4, 4, 2, 4, 4], [1, 2, 2, 2, 2, 2], [1, 1, 1, 1, 0, 1]]",94966.5
"[[6, 5, 6, 6, 4, 6], [3, 3, 3, 2, 3, 2], [4, 3, 4, 4, 4, 3], [2, 2, 2, 1, 2, 2], [1, 1, 1, 0, 1, 1]]",101905.0
"[[6, 5, 6, 5, 5, 6], [3, 2, 3, 3, 3, 2], [4, 4, 3, 4, 3, 4], [2, 2, 2, 2, 1, 2], [1, 1, 1, 1, 1, 0]]",96836.5
"[[6, 5, 6, 4, 6, 6], [3, 3, 1, 3, 3, 3], [4, 3, 4, 4, 4, 3], [2, 2, 2, 1, 2, 2], [1, 1, 1, 1, 0, 1]]",97275.5
"[[6, 6, 6, 4, 6, 5], [3, 2, 3, 3, 3, 2], [2, 4, 4, 4, 4, 4], [2, 2, 2, 1, 2, 2], [1, 1, 1, 1, 0, 1]]",96831.0
"[[5, 6, 5, 5, 6, 6], [3, 3, 3, 3, 2, 2], [4, 3, 3, 4, 4, 4], [1, 2, 2, 2, 2, 2], [1, 1, 1, 0, 1, 1]]",100344.0
"[[6, 6, 5, 4, 6, 6], [3, 2, 2, 3, 3, 3], [3, 4, 4, 4, 4, 3], [1, 2, 2, 2, 2, 2], [1, 1, 1, 1, 1, 0]]",96448.5
"[[6, 5, 5, 6, 6, 5], [2, 2, 3, 3, 3, 3], [4, 4, 3, 3, 4, 4], [2, 2, 1, 2, 2, 2], [1, 1, 1, 0, 1, 1]]",99313.0
"[[5, 6, 5, 6, 5, 6], [3, 2, 3, 2, 3, 3], [4, 4, 3, 3, 4, 4], [2, 2, 2, 2, 2, 1], [0, 1, 1, 1, 1, 1]]",100722.0
"[[6, 5, 5, 6, 6, 5], [3, 2, 3, 2, 3, 3], [4, 4, 4, 3, 4, 3], [2, 2, 2, 2, 1, 2], [1, 1, 0, 1, 1, 1]]",98816.5
"[[6, 6, 6, 6, 4, 5], [3, 3, 2, 2, 3, 3], [2, 4, 4, 4, 4, 4], [2, 2, 1, 2, 2, 2], [1, 0, 1, 1, 1, 1]]",101158.0
"[[5, 5, 5, 6, 6, 6], [3, 3, 3, 2, 3, 2], [4, 4, 4, 4, 4, 2], [2, 2, 1, 2, 2, 2], [1, 1, 0, 1, 1, 1]]",97497.5
"[[4, 6, 6, 5, 6, 6], [3, 3, 3, 1, 3, 3], [3, 4, 4, 3, 4, 4], [2, 2, 2, 2, 1, 2], [1, 1, 1, 1, 1, 0]]",90583.0
"[[6, 4, 6, 6, 5, 6], [3, 3, 1, 3, 3, 3], [4, 4, 4, 3, 3, 4], [2, 2, 2, 2, 2, 1], [0, 1, 1, 1, 1, 1]]",100756.0
"[[6, 6, 5, 5, 6, 5], [2, 3, 3, 2, 3, 3], [3, 3, 4, 4, 4, 4], [2, 2, 2, 1, 2, 2], [1, 1, 1, 0, 1, 1]]",101601.5
"[[4, 6, 6, 6, 6, 5], [3, 3, 2, 3, 3, 2], [4, 3, 4, 4, 4, 3], [2, 2, 1, 2, 2, 2], [0, 1, 1, 1, 1, 1]]",99768.0
"[[6, 6, 5, 6, 4, 6], [3, 1, 3, 3, 3, 3], [4, 3, 4, 4, 3, 4], [2, 1, 2, 2, 2, 2], [1, 0, 1, 1, 1, 1]]",104171.5
"[[4, 5, 6, 6, 6, 6], [3, 3, 3, 2, 3, 2], [4, 4, 4, 3, 3, 4], [2, 2, 2, 2, 2, 1], [1, 1, 1, 0, 1, 1]]",97502.5
"[[5, 6, 6, 6, 4, 6], [3, 3, 2, 2, 3, 3], [4, 3, 4, 4, 3, 4], [2, 2, 2, 2, 2, 1], [1, 1, 0, 1, 1, 1]]",99518.0
"[[6, 6, 6, 5, 5, 5], [3, 3, 3, 3, 3, 1], [3, 3, 4, 4, 4, 4], [2, 2, 1, 2, 2, 2], [1, 1, 0, 1, 1, 1]]",99726.0
"[[6, 6, 6, 5, 4, 6], [3, 2, 3, 3, 2, 3], [4, 4, 3, 4, 4, 3], [2, 2, 2, 2, 1, 2], [1, 0, 1, 1, 1, 1]]",104676.0
"[[4, 6, 6, 6, 5, 6], [2, 3, 3, 2, 3, 3], [3, 4, 4, 4, 3, 4], [2, 1, 2, 2, 2, 2], [1, 0, 1, 1, 1, 1]]",98831.0
"[[4, 6, 6, 5, 6, 6], [3, 3, 3, 3, 1, 3], [3, 4, 4, 4, 4, 3], [2, 2, 2, 1, 2, 2], [1, 0, 1, 1, 1, 1]]",99508.0
"[[5, 6, 5, 5, 6, 6], [3, 1, 3, 3, 3, 3], [3, 4, 4, 4, 4, 3], [2, 1, 2, 2, 2, 2], [1, 1, 1, 0, 1, 1]]",100199.5
"[[6, 5, 6, 4, 6, 6], [3, 2, 3, 2, 3, 3], [4, 4, 4, 2, 4, 4], [2, 2, 1, 2, 2, 2], [1, 0, 1, 1, 1, 1]]",104319.0
"[[5, 5, 6, 6, 6, 5], [2, 2, 3, 3, 3, 3], [4, 4, 3, 3, 4, 4], [2, 1, 2, 2, 2, 2], [1, 1, 1, 1, 1, 0]]",94573.0
"[[6, 6, 5, 6, 4, 6], [3, 2, 3, 2, 3, 3], [4, 3, 3, 4, 4, 4], [1, 2, 2, 2, 2, 2], [1, 1, 1, 1, 1, 0]]",96402.5
"[[6, 6, 5, 4, 6, 6], [3, 3, 1, 3, 3, 3], [3, 4, 4, 4, 3, 4], [1, 2, 2, 2, 2, 2], [1, 1, 1, 1, 0, 1]]",97330.5
"[[4, 6, 6, 6, 5, 6], [3, 2, 3, 3, 2, 3], [4, 4, 4, 4, 3, 3], [2, 2, 2, 1, 2, 2], [1, 0, 1, 1, 1, 1]]",99517.5
"[[4, 6, 6, 5, 6, 6], [3, 3, 3, 3, 1, 3], [4, 4, 4, 4, 4, 2], [1, 2, 2, 2, 2, 2], [1, 0, 1, 1, 1, 1]]",99507.5
"[[6, 5, 6, 6, 5, 5], [3, 2, 3, 3, 2, 3], [4, 3, 4, 3, 4, 4], [2, 2, 2, 1, 2, 2], [1, 1, 1, 0, 1, 1]]",101501.0
"[[6, 6, 4, 5, 6, 6], [3, 3, 3, 2, 3, 2], [3, 4, 3, 4, 4, 4], [2, 2, 2, 1, 2, 2], [1, 0, 1, 1, 1, 1]]",101928.5
"[[6, 5, 4, 6, 6, 6], [2, 2, 3, 3, 3, 3], [3, 4, 4, 4, 4, 3], [2, 2, 2, 1, 2, 2], [1, 0, 1, 1, 1, 1]]",102216.0
"[[5, 6, 5, 5, 6, 6], [3, 3, 3, 1, 3, 3], [4, 3, 4, 4, 4, 3], [2, 2, 2, 1, 2, 2], [1, 1, 1, 0, 1, 1]]",100303.0
"[[6, 5, 6, 5, 6, 5], [3, 3, 3, 2, 2, 3], [3, 4, 4, 4, 3, 4], [1, 2, 2, 2, 2, 2], [1, 1, 1, 1, 0, 1]]",95174.0
"[[6, 5, 5, 6, 6, 5], [3, 3, 2, 3, 3, 2], [3, 4, 3, 4, 4, 4], [2, 2, 1, 2, 2, 2], [0, 1, 1, 1, 1, 1]]",100636.0
"[[5, 6, 5, 6, 6, 5], [3, 2, 2, 3, 3, 3], [4, 4, 4, 3, 4, 3], [2, 2, 2, 1, 2, 2], [1, 1, 0, 1, 1, 1]]",99526.0
"[[6, 5, 5, 6, 5, 6], [3, 3, 2, 3, 3, 2], [4, 4, 3, 4, 3, 4], [2, 2, 1, 2, 2, 2], [1, 1, 0, 1, 1, 1]]",100493.0
"[[5, 6, 5, 5, 6, 6], [2, 3, 2, 3, 3, 3], [4, 3, 3, 4, 4, 4], [1, 2, 2, 2, 2, 2], [0, 1, 1, 1, 1, 1]]",101957.5
"[[4, 5, 6, 6, 6, 6], [2, 3, 2, 3, 3, 3], [4, 3, 4, 3, 4, 4], [2, 2, 2, 1, 2, 2], [1, 1, 1, 1, 1, 0]]",91705.5
"[[6, 6, 4, 6, 5, 6], [3, 1, 3, 3, 3, 3], [4, 4, 4, 4, 4, 2], [2, 2, 2, 1, 2, 2], [0, 1, 1, 1, 1, 1]]",101099.5
"[[6, 5, 5, 6, 5, 6], [2, 2, 3, 3, 3, 3], [4, 4, 4, 4, 3, 3], [2, 1, 2, 2, 2, 2], [1, 1, 1, 1, 1, 0]]",95549.5
"[[6, 6, 4, 5, 6, 6], [2, 3, 3, 3, 2, 3], [4, 3, 4, 4, 4, 3], [2, 2, 2, 2, 2, 1], [1, 1, 0, 1, 1, 1]]",102905.5
"[[5, 6, 6, 5, 6, 5], [3, 2, 2, 3, 3, 3], [3, 4, 4, 3, 4, 4], [2, 2, 2, 2, 2, 1], [1, 1, 1, 0, 1, 1]]",101601.5
"[[6, 6, 5, 6, 5, 5], [3, 3, 1, 3, 3, 3], [4, 4, 3, 3, 4, 4], [2, 2, 2, 1, 2, 2], [0, 1, 1, 1, 1, 1]]",102842.0
"[[6, 5, 6, 5, 6, 5], [2, 3, 2, 3, 3, 3], [4, 3, 3, 4, 4, 4], [2, 2, 1, 2, 2, 2], [1, 1, 1, 0, 1, 1]]",101574.5
"[[6, 5, 6, 6, 5, 5], [3, 3, 3, 2, 3, 2], [4, 4, 4, 3, 4, 3], [2, 2, 1, 2, 2, 2], [1, 1, 1, 0, 1, 1]]",101457.5
"[[5, 6, 6, 5, 5, 6], [3, 3, 2, 3, 2, 3], [4, 3, 4, 4, 4, 3], [1, 2, 2, 2, 2, 2], [0, 1, 1, 1, 1, 1]]",103218.0
"[[6, 6, 6, 4, 5, 6], [3, 1, 3, 3, 3, 3], [4, 3, 4, 3, 4, 4], [2, 2, 2, 2, 1, 2], [1, 0, 1, 1, 1, 1]]",104328.5
"[[6, 4, 6, 5, 6, 6], [3, 3, 3, 3, 2, 2], [4, 4, 3, 4, 4, 3], [2, 2, 2, 1, 2, 2], [1, 1, 1, 1, 0, 1]]",95332.5
"[[6, 5, 6, 6, 5, 5], [3, 2, 3, 3, 3, 2], [4, 4, 4, 4, 3, 3], [2, 2, 2, 2, 2, 1], [1, 1, 0, 1, 1, 1]]",99345.0
"[[5, 6, 6, 5, 6, 5], [3, 3, 3, 3, 2, 2], [3, 3, 4, 4, 4, 4], [2, 1, 2, 2, 2, 2], [1, 1, 1, 1, 1, 0]]",96837.0
"[[6, 5, 6, 6, 5, 5], [3, 3, 1, 3, 3, 3], [3, 4, 4, 3, 4, 4], [1, 2, 2, 2, 2, 2], [0, 1, 1, 1, 1, 1]]",101866.0
"[[4, 5, 6, 6, 6, 6], [2, 3, 2, 3, 3, 3], [4, 3, 4, 3, 4, 4], [2, 2, 2, 2, 1, 2], [1, 1, 1, 1, 1, 0]]",91705.5
"[[6, 5, 5, 5, 6, 6], [3, 2, 3, 3, 3, 2], [4, 4, 3, 4, 4, 3], [2, 2, 2, 2, 1, 2], [1, 1, 1, 1, 1, 0]]",95549.5
"[[6, 6, 6, 5, 5, 5], [3, 3, 2, 3, 2, 3], [3, 4, 4, 4, 3, 4], [2, 1, 2, 2, 2, 2], [0, 1, 1, 1, 1, 1]]",104086.0
"[[6, 6, 4, 5, 6, 6], [2, 3, 3, 3, 3, 2], [4, 4, 3, 4, 3, 4], [2, 2, 2, 2, 2, 1], [1, 1, 1, 1, 0, 1]]",96400.5
"[[6, 5, 5, 6, 6, 5], [2, 3, 3, 3, 2, 3], [4, 4, 4, 2, 4, 4], [2, 2, 2, 1, 2, 2], [0, 1, 1, 1, 1, 1]]",100679.5
"[[5, 5, 6, 5, 6, 6], [3, 2, 3, 2, 3, 3], [4, 4, 3, 4, 4, 3], [2, 1, 2, 2, 2, 2], [1, 1, 1, 1, 1, 0]]",93827.5
"[[6, 6, 6, 6, 4, 5], [3, 1, 3, 3, 3, 3], [4, 4, 4, 3, 3, 4], [2, 2, 2, 2, 2, 1], [1, 1, 0, 1, 1, 1]]",100926.5
"[[5, 6, 6, 6, 5, 5], [3, 3, 3, 3, 3, 1], [4, 4, 3, 4, 3, 4], [2, 2, 2, 1, 2, 2], [1, 1, 1, 1, 1, 0]]",96813.5
"[[6, 4, 6, 5, 6, 6], [2, 3, 3, 3, 2, 3], [3, 4, 3, 4, 4, 4], [2, 2, 2, 1, 2, 2], [1, 1, 0, 1, 1, 1]]",98156.5
"[[6, 5, 6, 5, 6, 5], [2, 3, 3, 3, 3, 2], [3, 3, 4, 4, 4, 4], [2, 2, 2, 1, 2, 2], [1, 1, 1, 1, 1, 0]]",96836.5
"[[5, 6, 6, 6, 5, 5], [3, 3, 3, 2, 3, 2], [4, 4, 4, 3, 4, 3], [2, 1, 2, 2, 2, 2], [0, 1, 1, 1, 1, 1]]",101127.5
"[[5, 6, 5, 5, 6, 6], [2, 3, 2, 3, 3, 3], [4, 4, 3, 4, 3, 4], [2, 2, 2, 2, 2, 1], [1, 1, 1, 0, 1, 1]]",100482.0
"[[6, 5, 4, 6, 6, 6], [2, 3, 3, 3, 3, 2], [4, 3, 4, 4, 3, 4], [2, 2, 2, 1, 2, 2], [1, 0, 1, 1, 1, 1]]",102171.5
"[[4, 6, 6, 5, 6, 6], [2, 3, 3, 3, 2, 3], [4, 4, 3, 4, 3, 4], [2, 2, 1, 2, 2, 2], [1, 1, 1, 1, 1, 0]]",93969.0
"[[5, 5, 6, 5, 6, 6], [2, 3, 2, 3, 3, 3], [4, 4, 3, 4, 3, 4], [2, 2, 1, 2, 2, 2], [1, 1, 1, 0, 1, 1]]",100482.5
"[[6, 5, 6, 6, 4, 6], [2, 2, 3, 3, 3, 3], [3, 4, 3, 4, 4, 4], [1, 2, 2, 2, 2, 2], [1, 1, 1, 1, 1, 0]]",96720.5
"[[4, 6, 5, 6, 6, 6], [3, 2, 2, 3, 3, 3], [4, 4, 4, 3, 3, 4], [2, 1, 2, 2, 2, 2], [0, 1, 1, 1, 1, 1]]",99693.5
"[[5, 5, 6, 5, 6, 6], [2, 2, 3, 3, 3, 3], [4, 3, 4, 3, 4, 4], [1, 2, 2, 2, 2, 2], [0, 1, 1, 1, 1, 1]]",100980.0
"[[6, 5, 5, 5, 6, 6], [2, 3, 3, 2, 3, 3], [4, 4, 3, 4, 3, 4], [1, 2, 2, 2, 2, 2], [1, 0, 1, 1, 1, 1]]",103367.0
"[[5, 6, 6, 6, 5, 5], [3, 2, 3, 3, 3, 2], [3, 4, 3, 4, 4, 4], [2, 2, 1, 2, 2, 2], [1, 1, 1, 1, 1, 0]]",96837.0
"[[5, 6, 6, 5, 6, 5], [2, 2, 3, 3, 3, 3], [3, 4, 3, 4, 4, 4], [2, 2, 1, 2, 2, 2], [1, 1, 1, 1, 0, 1]]",96727.5
"[[6, 5, 5, 6, 6, 5], [3, 1, 3, 3, 3, 3], [4, 4, 4, 4, 2, 4], [2, 2, 2, 1, 2, 2], [1, 1, 1, 0, 1, 1]]",99085.5
"[[5, 6, 5, 6, 6, 5], [3, 3, 3, 3, 2, 2], [4, 3, 4, 3, 4, 4], [2, 1, 2, 2, 2, 2], [1, 0, 1, 1, 1, 1]]",101164.5
"[[6, 6, 5, 4, 6, 6], [3, 2, 3, 2, 3, 3], [4, 3, 3, 4, 4, 4], [1, 2, 2, 2, 2, 2], [1, 1, 1, 1, 1, 0]]",96185.0
"[[6, 5, 5, 5, 6, 6], [3, 2, 3, 3, 2, 3], [3, 4, 3, 4, 4, 4], [2, 1, 2, 2, 2, 2], [1, 1, 1, 0, 1, 1]]",100481.5
"[[5, 6, 6, 6, 5, 5], [3, 3, 2, 3, 3, 2], [3, 3, 4, 4, 4, 4], [2, 2, 2, 2, 1, 2], [1, 1, 0, 1, 1, 1]]",99293.5
"[[5, 5, 6, 5, 6, 6], [3, 2, 2, 3, 3, 3], [2, 4, 4, 4, 4, 4], [1, 2, 2, 2, 2, 2], [1, 1, 1, 1, 1, 0]]",94289.5
"[[6, 5, 5, 5, 6, 6], [2, 3, 3, 3, 3, 2], [4, 4, 4, 3, 3, 4], [2, 2, 2, 1, 2, 2], [1, 1, 0, 1, 1, 1]]",100519.0
"[[6, 6, 6, 6, 5, 4], [3, 3, 3, 3, 3, 1], [4, 4, 4, 4, 2, 4], [2, 2, 2, 2, 1, 2], [1, 1, 0, 1, 1, 1]]",97926.0
"[[4, 5, 6, 6, 6, 6], [3, 2, 3, 2, 3, 3], [4, 4, 3, 4, 3, 4], [2, 2, 2, 1, 2, 2], [0, 1, 1, 1, 1, 1]]",97972.5
"[[6, 5, 5, 6, 5, 6], [3, 3, 2, 3, 2, 3], [3, 4, 4, 3, 4, 4], [2, 2, 2, 2, 2, 1], [1, 1, 1, 0, 1, 1]]",100482.0
"[[6, 6, 6, 6, 3, 6], [3, 2, 3, 3, 2, 3], [3, 4, 4, 4, 3, 4], [2, 2, 2, 2, 1, 2], [1, 0, 1, 1, 1, 1]]",103157.5
"[[6, 6, 6, 5, 4, 6], [3, 3, 2, 2, 3, 3], [4, 4, 4, 4, 4, 2], [1, 2, 2, 2, 2, 2], [1, 0, 1, 1, 1, 1]]",103909.5
"[[4, 6, 5, 6, 6, 6], [3, 2, 3, 2, 3, 3], [4, 4, 3, 3, 4, 4], [2, 2, 2, 2, 1, 2], [0, 1, 1, 1, 1, 1]]",98490.5
"[[5, 5, 5, 6, 6, 6], [3, 3, 1, 3, 3, 3], [4, 4, 4, 3, 4, 3], [2, 2, 2, 2, 1, 2], [1, 1, 1, 1, 0, 1]]",95099.0
"[[6, 6, 6, 5, 6, 4], [3, 3, 2, 3, 3, 2], [4, 4, 4, 4, 3, 3], [2, 2, 1, 2, 2, 2], [1, 1, 1, 1, 1, 0]]",99098.5
"[[4, 6, 5, 6, 6, 6], [3, 3, 3, 2, 3, 2], [4, 4, 3, 4, 4, 3], [2, 2, 2, 1, 2, 2], [1, 1, 0, 1, 1, 1]]",97016.5
"[[5, 6, 6, 6, 4, 6], [3, 3, 3, 2, 2, 3], [4, 4, 4, 4, 3, 3], [1, 2, 2, 2, 2, 2], [1, 0, 1, 1, 1, 1]]",101352.0
"[[5, 6, 5, 6, 5, 6], [3, 3, 2, 3, 2, 3], [4, 4, 4, 4, 4, 2], [2, 2, 2, 2, 1, 2], [1, 1, 0, 1, 1, 1]]",100661.5
"[[5, 6, 5, 5, 6, 6], [1, 3, 3, 3, 3, 3], [3, 4, 4, 4, 3, 4], [2, 2, 1, 2, 2, 2], [1, 1, 0, 1, 1, 1]]",99731.5
"[[5, 6, 5, 6, 5, 6], [3, 2, 2, 3, 3, 3], [4, 4, 3, 3, 4, 4], [1, 2, 2, 2, 2, 2], [1, 1, 1, 1, 1, 0]]",95550.0
"[[6, 6, 6, 5, 5, 5], [3, 3, 2, 2, 3, 3], [4, 3, 3, 4, 4, 4], [2, 1, 2, 2, 2, 2], [1, 1, 1, 0, 1, 1]]",103738.5
"[[6, 6, 6, 4, 6, 5], [3, 3, 2, 3, 3, 2], [4, 4, 4, 4, 3, 3], [1, 2, 2, 2, 2, 2], [0, 1, 1, 1, 1, 1]]",103743.5
"[[6, 6, 5, 5, 6, 5], [2, 2, 3, 3, 3, 3], [3, 4, 4, 4, 3, 4], [2, 2, 1, 2, 2, 2], [0, 1, 1, 1, 1, 1]]",102942.0
"[[4, 5, 6, 6, 6, 6], [3, 3, 3, 1, 3, 3], [4, 3, 3, 4, 4, 4], [2, 1, 2, 2, 2, 2], [1, 1, 1, 1, 1, 0]]",88319.5
"[[6, 5, 6, 5, 5, 6], [3, 3, 3, 2, 3, 2], [3, 4, 3, 4, 4, 4], [2, 1, 2, 2, 2, 2], [1, 1, 0, 1, 1, 1]]",99817.0
"[[6, 5, 5, 5, 6, 6], [3, 2, 3, 2, 3, 3], [3, 4, 4, 4, 3, 4], [1, 2, 2, 2, 2, 2], [1, 1, 0, 1, 1, 1]]",99985.0
"[[6, 6, 6, 6, 5, 4], [2, 3, 3, 2, 3, 3], [4, 4, 3, 3, 4, 4], [2, 2, 2, 2, 1, 2], [1, 1, 1, 1, 1, 0]]",98353.0
"[[6, 6, 6, 5, 4, 6], [3, 3, 3, 3, 3, 1], [4, 4, 3, 4, 4, 3], [2, 1, 2, 2, 2, 2], [1, 1, 1, 1, 1, 0]]",98723.0
"[[6, 5, 5, 6, 5, 6], [3, 3, 3, 2, 3, 2], [3, 4, 4, 4, 4, 3], [1, 2, 2, 2, 2, 2], [0, 1, 1, 1, 1, 1]]",100474.5
"[[5, 6, 5, 6, 6, 5], [2, 3, 3, 3, 3, 2], [4, 3, 3, 4, 4, 4], [2, 2, 1, 2, 2, 2], [0, 1, 1, 1, 1, 1]]",100745.5
"[[4, 5, 6, 6, 6, 6], [3, 3, 2, 3, 2, 3], [3, 4, 4, 4, 4, 3], [2, 2, 2, 2, 2, 1], [0, 1, 1, 1, 1, 1]]",98718.0
"[[6, 5, 5, 6, 5, 6], [3, 3, 3, 2, 3, 2], [4, 4, 3, 3, 4, 4], [2, 1, 2, 2, 2, 2], [1, 1, 0, 1, 1, 1]]",99817.0
"[[5, 5, 6, 5, 6, 6], [3, 3, 3, 2, 2, 3], [4, 4, 4, 2, 4, 4], [1, 2, 2, 2, 2, 2], [0, 1, 1, 1, 1, 1]]",100234.5
"[[6, 4, 5, 6, 6, 6], [3, 3, 3, 1, 3, 3], [4, 4, 4, 3, 3, 4], [2, 1, 2, 2, 2, 2], [1, 1, 1, 1, 0, 1]]",90326.5
"[[5, 4, 6, 6, 6, 6], [3, 2, 3, 3, 2, 3], [4, 3, 4, 3, 4, 4], [2, 2, 2, 2, 2, 1], [1, 1, 1, 1, 0, 1]]",93773.5
"[[6, 5, 6, 5, 6, 5], [2, 3, 3, 3, 2, 3], [4, 4, 2, 4, 4, 4], [2, 2, 1, 2, 2, 2], [1, 1, 1, 0, 1, 1]]",100535.5
"[[5, 6, 5, 6, 5, 6], [1, 3, 3, 3, 3, 3], [3, 4, 4, 4, 3, 4], [2, 1, 2, 2, 2, 2], [1, 1, 0, 1, 1, 1]]",99705.5
"[[5, 6, 6, 6, 6, 4], [3, 3, 2, 3, 3, 2], [4, 4, 2, 4, 4, 4], [2, 2, 2, 2, 2, 1], [1, 0, 1, 1, 1, 1]]",97893.0
"[[6, 6, 5, 6, 5, 5], [2, 3, 3, 3, 3, 2], [4, 4, 3, 3, 4, 4], [2, 2, 2, 1, 2, 2], [1, 1, 1, 1, 1, 0]]",97812.0
"[[6, 6, 6, 5, 5, 5], [2, 3, 2, 3, 3, 3], [4, 4, 3, 4, 4, 3], [2, 2, 2, 2, 1, 2], [1, 1, 1, 1, 0, 1]]",98989.0
"[[6, 5, 6, 6, 5, 5], [3, 2, 2, 3, 3, 3], [4, 4, 4, 2, 4, 4], [1, 2, 2, 2, 2, 2], [1, 1, 0, 1, 1, 1]]",99388.5
"[[6, 5, 6, 6, 6, 4], [3, 3, 2, 3, 3, 2], [3, 4, 3, 4, 4, 4], [2, 1, 2, 2, 2, 2], [1, 1, 1, 0, 1, 1]]",99044.5
"[[6, 6, 6, 6, 5, 4], [3, 3, 1, 3, 3, 3], [4, 4, 4, 3, 4, 3], [2, 2, 2, 1, 2, 2], [1, 1, 1, 0, 1, 1]]",101227.0
"[[6, 6, 6, 6, 5, 4], [3, 2, 3, 3, 2, 3], [4, 3, 4, 4, 3, 4], [2, 2, 2, 2, 1, 2], [1, 1, 1, 1, 1, 0]]",99098.5
"[[5, 5, 6, 6, 6, 5], [3, 3, 2, 3, 3, 2], [3, 4, 3, 4, 4, 4], [2, 1, 2, 2, 2, 2], [1, 1, 1, 1, 1, 0]]",94573.0
"[[6, 6, 5, 5, 6, 5], [2, 3, 3, 2, 3, 3], [4, 3, 4, 4, 4, 3], [2, 2, 2, 2, 1, 2], [1, 1, 1, 1, 0, 1]]",95675.0
"[[4, 6, 5, 6, 6, 6], [3, 2, 3, 3, 3, 2], [4, 4, 4, 4, 3, 3], [1, 2, 2, 2, 2, 2], [1, 1, 1, 0, 1, 1]]",97502.5
"[[6, 6, 4, 6, 6, 5], [3, 3, 3, 3, 1, 3], [3, 4, 4, 4, 3, 4], [1, 2, 2, 2, 2, 2], [1, 1, 1, 1, 1, 0]]",95420.5
"[[6, 6, 5, 5, 6, 5], [2, 3, 3, 3, 2, 3], [4, 4, 4, 4, 3, 3], [2, 2, 2, 1, 2, 2], [1, 0, 1, 1, 1, 1]]",103765.5
"[[6, 6, 6, 4, 5, 6], [3, 3, 1, 3, 3, 3], [3, 3, 4, 4, 4, 4], [2, 2, 2, 2, 1, 2], [1, 0, 1, 1, 1, 1]]",104731.0
"[[6, 4, 6, 5, 6, 6], [2, 3, 3, 3, 3, 2], [4, 3, 4, 4, 4, 3], [2, 2, 1, 2, 2, 2], [1, 1, 1, 0, 1, 1]]",100277.5
"[[5, 6, 5, 6, 5, 6], [2, 3, 2, 3, 3, 3], [4, 4, 3, 4, 3, 4], [2, 2, 2, 2, 2, 1], [1, 1, 1, 1, 0, 1]]",97359.5
"[[6, 6, 6, 4, 5, 6], [3, 3, 3, 3, 3, 1], [4, 4, 4, 4, 3, 3], [2, 1, 2, 2, 2, 2], [0, 1, 1, 1, 1, 1]]",102104.0
"[[6, 6, 6, 5, 6, 4], [2, 3, 2, 3, 3, 3], [4, 3, 4, 3, 4, 4], [2, 2, 2, 1, 2, 2], [0, 1, 1, 1, 1, 1]]",101699.0
"[[5, 5, 6, 5, 6, 6], [3, 3, 3, 2, 3, 2], [3, 4, 4, 3, 4, 4], [2, 2, 2, 2, 1, 2], [0, 1, 1, 1, 1, 1]]",100096.5
"[[6, 5, 5, 6, 5, 6], [2, 2, 3, 3, 3, 3], [4, 3, 4, 4, 3, 4], [2, 2, 2, 2, 1, 2], [1, 1, 1, 1, 0, 1]]",97359.0
"[[5, 6, 5, 6, 6, 5], [3, 2, 3, 2, 3, 3], [4, 4, 3, 4, 3, 4], [2, 2, 1, 2, 2, 2], [1, 1, 0, 1, 1, 1]]",98854.0
"[[4, 5, 6, 6, 6, 6], [2, 3, 3, 3, 3, 2], [4, 4, 2, 4, 4, 4], [2, 2, 1, 2, 2, 2], [1, 1, 0, 1, 1, 1]]",95330.5
"[[6, 6, 5, 5, 5, 6], [3, 3, 3, 3, 3, 1], [3, 4, 4, 4, 4, 3], [2, 2, 1, 2, 2, 2], [1, 1, 1, 0, 1, 1]]",99969.0
"[[5, 6, 5, 6, 5, 6], [2, 3, 3, 3, 2, 3], [4, 3, 4, 4, 3, 4], [2, 2, 2, 2, 2, 1], [1, 1, 1, 1, 0, 1]]",97359.5
"[[6, 4, 6, 5, 6, 6], [3, 2, 2, 3, 3, 3], [4, 3, 4, 4, 3, 4], [2, 2, 2, 1, 2, 2], [1, 1, 1, 1, 0, 1]]",96286.5
"[[6, 6, 5, 5, 5, 6], [3, 3, 3, 3, 3, 1], [4, 3, 4, 4, 4, 3], [2, 2, 2, 2, 1, 2], [1, 1, 1, 1, 1, 0]]",97788.5
"[[6, 6, 6, 6, 6, 3], [3, 3, 3, 2, 3, 2], [4, 4, 4, 4, 4, 2], [2, 2, 2, 2, 2, 1], [1, 1, 1, 1, 1, 0]]",98271.0
"[[5, 6, 6, 5, 6, 5], [2, 3, 3, 3, 3, 2], [3, 3, 4, 4, 4, 4], [2, 2, 2, 2, 1, 2], [1, 1, 1, 1, 1, 0]]",96837.0
"[[6, 5, 6, 6, 5, 5], [3, 2, 2, 3, 3, 3], [3, 4, 4, 4, 4, 3], [2, 2, 2, 2, 1, 2], [1, 1, 1, 0, 1, 1]]",101501.0
"[[6, 5, 5, 6, 5, 6], [3, 2, 2, 3, 3, 3], [4, 4, 4, 3, 3, 4], [2, 2, 2, 2, 2, 1], [0, 1, 1, 1, 1, 1]]",101822.0
"[[6, 5, 6, 5, 5, 6], [2, 2, 3, 3, 3, 3], [3, 4, 4, 3, 4, 4], [1, 2, 2, 2, 2, 2], [1, 1, 1, 0, 1, 1]]",102743.5
"[[4, 6, 6, 5, 6, 6], [3, 3, 2, 2, 3, 3], [3, 3, 4, 4, 4, 4], [2, 2, 1, 2, 2, 2], [1, 1, 1, 1, 1, 0]]",93223.5
"[[6, 3, 6, 6, 6, 6], [3, 3, 1, 3, 3, 3], [4, 4, 4, 4, 3, 3], [1, 2, 2, 2, 2, 2], [1, 0, 1, 1, 1, 1]]",101382.0
"[[6, 6, 6, 5, 6, 4], [3, 3, 3, 2, 3, 2], [4, 3, 4, 3, 4, 4], [2, 2, 2, 1, 2, 2], [1, 1, 0, 1, 1, 1]]",98535.0
"[[5, 4, 6, 6, 6, 6], [3, 3, 3, 3, 2, 2], [4, 4, 4, 3, 3, 4], [2, 2, 2, 2, 1, 2], [1, 1, 0, 1, 1, 1]]",95356.5
"[[6, 5, 6, 4, 6, 6], [3, 2, 3, 3, 2, 3], [4, 3, 4, 3, 4, 4], [2, 1, 2, 2, 2, 2], [1, 1, 1, 1, 0, 1]]",97275.5
"[[5, 5, 6, 6, 6, 5], [2, 2, 3, 3, 3, 3], [4, 4, 3, 4, 4, 3], [2, 1, 2, 2, 2, 2], [1, 1, 1, 0, 1, 1]]",99314.0
"[[6, 6, 5, 5, 5, 6], [2, 3, 3, 2, 3, 3], [3, 4, 3, 4, 4, 4], [2, 2, 2, 2, 2, 1], [1, 1, 0, 1, 1, 1]]",102255.0
"[[6, 5, 5, 6, 6, 5], [3, 3, 2, 3, 3, 2], [4, 4, 4, 3, 3, 4], [1, 2, 2, 2, 2, 2], [0, 1, 1, 1, 1, 1]]",100636.0
"[[5, 4, 6, 6, 6, 6], [3, 3, 3, 1, 3, 3], [4, 4, 4, 4, 3, 3], [2, 1, 2, 2, 2, 2], [0, 1, 1, 1, 1, 1]]",95165.5
"[[5, 6, 6, 6, 5, 5], [2, 3, 3, 3, 2, 3], [4, 2, 4, 4, 4, 4], [1, 2, 2, 2, 2, 2], [1, 1, 0, 1, 1, 1]]",98906.5
"[[6, 5, 6, 4, 6, 6], [3, 3, 3, 2, 2, 3], [3, 4, 4, 3, 4, 4], [1, 2, 2, 2, 2, 2], [1, 1, 1, 1, 0, 1]]",96704.5
"[[5, 6, 5, 6, 5, 6], [2, 3, 3, 2, 3, 3], [4, 4, 4, 3, 4, 3], [1, 2, 2, 2, 2, 2], [0, 1, 1, 1, 1, 1]]",100722.0
"[[6, 5, 5, 5, 6, 6], [3, 2, 3, 2, 3, 3], [4, 4, 3, 3, 4, 4], [2, 2, 1, 2, 2, 2], [1, 1, 1, 1, 0, 1]]",95323.0
"[[6, 6, 6, 4, 5, 6], [2, 3, 3, 3, 3, 2], [4, 4, 4, 2, 4, 4], [2, 2, 2, 1, 2, 2], [1, 1, 0, 1, 1, 1]]",102679.5
"[[6, 5, 5, 6, 6, 5], [2, 3, 3, 2, 3, 3], [3, 4, 3, 4, 4, 4], [2, 2, 2, 2, 2, 1], [0, 1, 1, 1, 1, 1]]",99474.0
"[[6, 5, 6, 5, 6, 5], [3, 3, 3, 3, 2, 2], [4, 4, 3, 4, 3, 4], [2, 2, 1, 2, 2, 2], [1, 0, 1, 1, 1, 1]]",103797.0
"[[5, 5, 6, 6, 6, 5], [3, 3, 3, 3, 2, 2], [3, 4, 4, 4, 4, 3], [1, 2, 2, 2, 2, 2], [1, 0, 1, 1, 1, 1]]",101239.5
"[[5, 6, 6, 5, 6, 5], [3, 3, 1, 3, 3, 3], [4, 4, 2, 4, 4, 4], [2, 1, 2, 2, 2, 2], [1, 1, 0, 1, 1, 1]]",99526.0
"[[5, 5, 6, 6, 6, 5], [3, 3, 3, 2, 3, 2], [4, 4, 3, 4, 3, 4], [1, 2, 2, 2, 2, 2], [1, 0, 1, 1, 1, 1]]",100549.5
"[[5, 6, 6, 6, 4, 6], [3, 3, 3, 2, 2, 3], [4, 3, 4, 4, 3, 4], [2, 2, 2, 1, 2, 2], [1, 1, 1, 1, 1, 0]]",95889.0
"[[5, 6, 6, 6, 5, 5], [3, 3, 3, 2, 3, 2], [4, 4, 4, 4, 3, 3], [2, 2, 2, 2, 2, 1], [1, 1, 0, 1, 1, 1]]",98654.0
"[[4, 5, 6, 6, 6, 6], [3, 3, 2, 3, 2, 3], [4, 3, 4, 3, 4, 4], [2, 2, 1, 2, 2, 2], [1, 1, 1, 1, 1, 0]]",91705.5
"[[6, 5, 5, 5, 6, 6], [2, 3, 3, 3, 3, 2], [3, 4, 4, 3, 4, 4], [2, 1, 2, 2, 2, 2], [0, 1, 1, 1, 1, 1]]",101710.0
"[[6, 5, 5, 6, 6, 5], [3, 3, 2, 3, 3, 2], [4, 4, 4, 3, 4, 3], [2, 2, 2, 2, 1, 2], [1, 1, 1, 1, 0, 1]]",95271.0
"[[5, 6, 6, 6, 5, 5], [3, 2, 3, 3, 3, 2], [4, 4, 4, 3, 4, 3], [1, 2, 2, 2, 2, 2], [1, 0, 1, 1, 1, 1]]",101139.5
"[[6, 6, 6, 6, 3, 6], [2, 3, 3, 3, 3, 2], [4, 4, 2, 4, 4, 4], [2, 2, 2, 2, 2, 1], [0, 1, 1, 1, 1, 1]]",102767.5
"[[5, 5, 6, 6, 6, 5], [3, 2, 3, 2, 3, 3], [4, 3, 4, 4, 3, 4], [2, 2, 2, 1, 2, 2], [1, 1, 1, 1, 0, 1]]",92910.5
"[[5, 5, 6, 6, 6, 5], [3, 2, 3, 3, 3, 2], [4, 4, 4, 3, 4, 3], [2, 2, 2, 2, 2, 1], [1, 1, 0, 1, 1, 1]]",97124.5
"[[5, 5, 6, 6, 6, 5], [3, 3, 2, 3, 2, 3], [4, 4, 4, 3, 3, 4], [1, 2, 2, 2, 2, 2], [1, 1, 1, 1, 1, 0]]",94573.0
"[[5, 6, 6, 4, 6, 6], [3, 3, 3, 3, 2, 2], [3, 4, 4, 4, 4, 3], [2, 2, 1, 2, 2, 2], [0, 1, 1, 1, 1, 1]]",102664.0
"[[5, 6, 5, 5, 6, 6], [3, 3, 3, 2, 3, 2], [3, 4, 4, 4, 4, 3], [2, 2, 1, 2, 2, 2], [1, 1, 1, 1, 0, 1]]",94365.5
"[[6, 3, 6, 6, 6, 6], [1, 3, 3, 3, 3, 3], [4, 3, 4, 3, 4, 4], [2, 2, 1, 2, 2, 2], [1, 1, 1, 1, 0, 1]]",92449.5
"[[6, 6, 5, 6, 5, 5], [2, 3, 3, 3, 3, 2], [4, 4, 3, 4, 3, 4], [2, 2, 1, 2, 2, 2], [1, 0, 1, 1, 1, 1]]",103622.0
"[[6, 5, 4, 6, 6, 6], [2, 3, 2, 3, 3, 3], [3, 4, 4, 4, 4, 3], [2, 2, 2, 1, 2, 2], [1, 1, 0, 1, 1, 1]]",100657.0
"[[6, 4, 6, 6, 6, 5], [3, 2, 3, 3, 3, 2], [4, 4, 4, 3, 3, 4], [2, 2, 2, 1, 2, 2], [1, 0, 1, 1, 1, 1]]",102433.0
"[[6, 6, 5, 6, 4, 6], [3, 3, 3, 1, 3, 3], [4, 4, 4, 3, 4, 3], [2, 2, 2, 2, 1, 2], [1, 1, 1, 1, 0, 1]]",94945.0
"[[4, 6, 6, 6, 6, 5], [3, 3, 2, 3, 2, 3], [4, 3, 4, 4, 3, 4], [2, 2, 2, 2, 1, 2], [1, 1, 1, 1, 0, 1]]",93883.5
"[[4, 6, 6, 6, 6, 5], [3, 3, 2, 2, 3, 3], [3, 4, 4, 3, 4, 4], [2, 2, 1, 2, 2, 2], [0, 1, 1, 1, 1, 1]]",99066.0
"[[6, 5, 5, 5, 6, 6], [3, 2, 2, 3, 3, 3], [4, 3, 4, 4, 4, 3], [2, 2, 2, 2, 1, 2], [1, 1, 1, 1, 1, 0]]",95549.5
"[[6, 6, 5, 5, 5, 6], [3, 3, 3, 3, 3, 1], [4, 3, 4, 4, 3, 4], [2, 2, 2, 2, 1, 2], [1, 0, 1, 1, 1, 1]]",102133.0
"[[5, 6, 6, 5, 5, 6], [1, 3, 3, 3, 3, 3], [4, 4, 4, 4, 2, 4], [2, 2, 1, 2, 2, 2], [1, 1, 1, 1, 0, 1]]",97679.5
"[[5, 4, 6, 6, 6, 6], [3, 3, 2, 3, 2, 3], [3, 3, 4, 4, 4, 4], [2, 2, 2, 1, 2, 2], [0, 1, 1, 1, 1, 1]]",98551.5
"[[4, 6, 6, 6, 5, 6], [2, 3, 2, 3, 3, 3], [4, 3, 3, 4, 4, 4], [2, 1, 2, 2, 2, 2], [1, 1, 0, 1, 1, 1]]",97711.5
"[[6, 6, 4, 6, 5, 6], [3, 3, 3, 3, 2, 2], [4, 4, 4, 3, 3, 4], [2, 2, 2, 1, 2, 2], [1, 1, 1, 0, 1, 1]]",100314.5
"[[5, 5, 6, 6, 5, 6], [3, 3, 2, 2, 3, 3], [3, 4, 3, 4, 4, 4], [2, 2, 2, 2, 1, 2], [1, 1, 1, 1, 0, 1]]",94805.5
"[[4, 6, 6, 6, 5, 6], [3, 2, 3, 2, 3, 3], [4, 3, 4, 4, 3, 4], [1, 2, 2, 2, 2, 2], [1, 1, 1, 1, 0, 1]]",94201.5
"[[6, 6, 5, 6, 5, 5], [3, 2, 3, 3, 3, 2], [4, 4, 4, 4, 2, 4], [2, 2, 2, 2, 1, 2], [0, 1, 1, 1, 1, 1]]",102793.0
"[[6, 6, 5, 5, 6, 5], [3, 2, 3, 3, 2, 3], [2, 4, 4, 4, 4, 4], [2, 2, 2, 2, 1, 2], [1, 1, 1, 1, 1, 0]]",97530.0
"[[6, 6, 6, 5, 5, 5], [3, 3, 3, 2, 2, 3], [4, 4, 3, 4, 4, 3], [2, 2, 2, 2, 2, 1], [1, 1, 0, 1, 1, 1]]",100960.0
"[[6, 4, 6, 6, 6, 5], [3, 2, 3, 3, 3, 2], [4, 3, 4, 3, 4, 4], [2, 2, 2, 2, 2, 1], [1, 1, 0, 1, 1, 1]]",96964.5
"[[6, 5, 5, 6, 5, 6], [3, 3, 2, 3, 2, 3], [4, 4, 3, 4, 4, 3], [1, 2, 2, 2, 2, 2], [0, 1, 1, 1, 1, 1]]",101822.0
"[[6, 6, 6, 3, 6, 6], [3, 2, 3, 2, 3, 3], [4, 3, 4, 4, 4, 3], [2, 2, 2, 2, 1, 2], [1, 0, 1, 1, 1, 1]]",103904.0
"[[6, 5, 6, 5, 6, 5], [3, 2, 3, 2, 3, 3], [4, 4, 4, 4, 3, 3], [2, 2, 2, 1, 2, 2], [1, 1, 0, 1, 1, 1]]",98816.5
"[[6, 6, 5, 5, 6, 5], [3, 3, 3, 3, 1, 3], [4, 4, 3, 4, 3, 4], [2, 2, 2, 1, 2, 2], [1, 1, 0, 1, 1, 1]]",101654.5
"[[6, 6, 4, 6, 6, 5], [3, 2, 3, 2, 3, 3], [3, 4, 3, 4, 4, 4], [1, 2, 2, 2, 2, 2], [1, 1, 1, 0, 1, 1]]",99306.5
"[[6, 5, 6, 4, 6, 6], [3, 3, 3, 2, 3, 2], [4, 4, 3, 4, 3, 4], [2, 1, 2, 2, 2, 2], [1, 1, 1, 1, 0, 1]]",95917.5
"[[6, 6, 6, 5, 5, 5], [2, 3, 3, 3, 3, 2], [4, 3, 3, 4, 4, 4], [2, 2, 2, 1, 2, 2], [1, 1, 1, 1, 0, 1]]",98796.0
"[[6, 6, 6, 4, 6, 5], [3, 3, 3, 2, 2, 3], [4, 3, 4, 4, 3, 4], [2, 1, 2, 2, 2, 2], [1, 1, 1, 0, 1, 1]]",103865.0
"[[6, 6, 6, 5, 5, 5], [3, 3, 3, 2, 3, 2], [3, 4, 4, 4, 3, 4], [2, 1, 2, 2, 2, 2], [1, 1, 0, 1, 1, 1]]",100916.5
